
[1mRooFit v3.60 -- Developed by Wouter Verkerke and David Kirkby[0m 
                Copyright (C) 2000-2013 NIKHEF, University of California & Stanford University
                All rights reserved, please read http://roofit.sourceforge.net/license.txt

option -a

option -d with value `v1'
option -b

option -i with value `2018'
option -d with value `2018'
/data/liul/workarea/XIXI/fit/boost/2018/xixipm/v1/mdiy/mdiy30x.root => 2018
/data/liul/workarea/XIXI/fit/boost/2018/xixipm/v1/phsp/phsp30x.root => 2018
/data/liul/workarea/XIXI/fit/boost/2018/xixipm/v1/bkg1/bkg30x.root => 2018
/data/liul/workarea/XIXI/fit/boost/2018/xixipp/v1/mdiy/mdiy30x.root => 2018
/data/liul/workarea/XIXI/fit/boost/2018/xixipp/v1/phsp/phsp30x.root => 2018
/data/liul/workarea/XIXI/fit/boost/2018/xixipp/v1/bkg1/bkg30x.root => 2018

0   0
0   /data/liul/workarea/XIXI/fit/boost/2018/xixipm/v1/mdiy/mdiy30x.root mdiy 2018  xixipm
Warning in <TClass::Init>: no dictionary for class ROOT::TIOFeatures is available
/data/liul/workarea/XIXI/fit/boost/2018/xixipm/v1/mdiy/mdiy30x.root
Finish
0   0
1   /data/liul/workarea/XIXI/fit/boost/2018/xixipm/v1/phsp/phsp30x.root phsp 2018  xixipm

[1mRooFit v3.60 -- Developed by Wouter Verkerke and David Kirkby[0m 
                Copyright (C) 2000-2013 NIKHEF, University of California & Stanford University
                All rights reserved, please read http://roofit.sourceforge.net/license.txt

option -a

option -d with value `v1'
option -b

option -i with value `2018'
option -d with value `2018'
/data/liul/workarea/XIXI/fit/boost/2018/xixipm/v1/mdiy/mdiy30x.root => 2018
/data/liul/workarea/XIXI/fit/boost/2018/xixipm/v1/phsp/phsp30x.root => 2018
/data/liul/workarea/XIXI/fit/boost/2018/xixipm/v1/bkg1/bkg30x.root => 2018
/data/liul/workarea/XIXI/fit/boost/2018/xixipp/v1/mdiy/mdiy30x.root => 2018
/data/liul/workarea/XIXI/fit/boost/2018/xixipp/v1/phsp/phsp30x.root => 2018
/data/liul/workarea/XIXI/fit/boost/2018/xixipp/v1/bkg1/bkg30x.root => 2018

0   0
0   /data/liul/workarea/XIXI/fit/boost/2018/xixipm/v1/mdiy/mdiy30x.root mdiy 2018  xixipm
Warning in <TClass::Init>: no dictionary for class ROOT::TIOFeatures is available
/data/liul/workarea/XIXI/fit/boost/2018/xixipm/v1/mdiy/mdiy30x.root
Finish
0   0
1   /data/liul/workarea/XIXI/fit/boost/2018/xixipm/v1/phsp/phsp30x.root phsp 2018  xixipm
/data/liul/workarea/XIXI/fit/boost/2018/xixipm/v1/phsp/phsp30x.root
Finish
0   0
2   /data/liul/workarea/XIXI/fit/boost/2018/xixipm/v1/bkg1/bkg30x.root bkg1 2018  xixipm
/data/liul/workarea/XIXI/fit/boost/2018/xixipm/v1/bkg1/bkg30x.root
Finish
0   1
3   /data/liul/workarea/XIXI/fit/boost/2018/xixipp/v1/mdiy/mdiy30x.root mdiy 2018  xixipp
/data/liul/workarea/XIXI/fit/boost/2018/xixipp/v1/mdiy/mdiy30x.root
Finish
0   1
4   /data/liul/workarea/XIXI/fit/boost/2018/xixipp/v1/phsp/phsp30x.root phsp 2018  xixipp
/data/liul/workarea/XIXI/fit/boost/2018/xixipp/v1/phsp/phsp30x.root
Finish
0   1
5   /data/liul/workarea/XIXI/fit/boost/2018/xixipp/v1/bkg1/bkg30x.root bkg1 2018  xixipp
/data/liul/workarea/XIXI/fit/boost/2018/xixipp/v1/bkg1/bkg30x.root
Finish
N[0][0] : 73532
N[0][1] : 2354058
N[0][2] : 530890
N[0][3] : 68891
N[0][4] : 2201781
N[0][5] : 411328
out.txt
OK 11111111113
OK
OK 11111111111
OK 11111111111
 **********
 **    1 **SET PRINT           0
 **********
 **********
 **    2 **SET ERR         0.5
 **********
 PARAMETER DEFINITIONS:
    NO.   NAME         VALUE      STEP SIZE      LIMITS
     1 alpha_jpsi   5.86000e-01  1.00000e-03   -1.00000e+00  1.00000e+00
     2 dphi_jpsi    1.12100e+00  1.00000e-03   -3.14159e+00  3.14159e+00
OK 11111111111
     3 xi_alpha    -3.75600e-01  1.00000e-03   -1.00000e+00  0.00000e+00
     4 xi_phi       1.20000e-02  1.00000e-03   -3.14159e+00  3.14159e+00
     5 xib_alpha    3.75600e-01  1.00000e-03    0.00000e+00  1.00000e+00
     6 xib_phi     -1.20000e-02  1.00000e-03   -3.14159e+00  3.14159e+00
     7 L1_alpha     6.92000e-01  1.00000e-03    0.00000e+00  1.00000e+00
     8 L2_alpha    -7.51000e-01  1.00000e-03   -1.00000e+00  0.00000e+00
     9 L3_alpha     7.51000e-01  1.00000e-03    1.00000e+00  0.00000e+00
 MINUIT WARNING IN PARAM DEF
 ============== PARAMETER LIMITS WERE REVERSED.
 PARAMETER DEFINITIONS:
    NO.   NAME         VALUE      STEP SIZE      LIMITS
    10 L4_alpha    -6.92000e-01  1.00000e-03   -1.00000e+00  0.00000e+00
OK 11111111113
OK 11111111114
 **********
 **    3 **MINI
 **********
Loglike: -9373.09
0.586 1.121 -0.3756 0.012 0.3756 -0.012 0.692 -0.751 0.751 -0.692 
Loglike: -9381.5
0.585244 1.18445 -0.383598 0.0225512 0.373359 -0.0500546 0.68076 -0.752116 0.731674 -0.699614 
 MIGRAD MINIMIZATION HAS CONVERGED.
 MIGRAD WILL VERIFY CONVERGENCE AND ERROR MATRIX.
Loglike: -9381.5
0.585418 1.18645 -0.383538 0.0228547 0.373287 -0.0497164 0.680766 -0.751811 0.731923 -0.699712 

[1mRooFit v3.60 -- Developed by Wouter Verkerke and David Kirkby[0m 
                Copyright (C) 2000-2013 NIKHEF, University of California & Stanford University
                All rights reserved, please read http://roofit.sourceforge.net/license.txt

option -a

option -d with value `v1'
option -b

option -i with value `2018'
option -d with value `2018'
/data/liul/workarea/XIXI/fit/boost/2018/xixipm/v1/mdiy/mdiy30x.root => 2018
/data/liul/workarea/XIXI/fit/boost/2018/xixipm/v1/phsp/phsp30x.root => 2018
/data/liul/workarea/XIXI/fit/boost/2018/xixipm/v1/bkg1/bkg30x.root => 2018
/data/liul/workarea/XIXI/fit/boost/2018/xixipp/v1/mdiy/mdiy30x.root => 2018
/data/liul/workarea/XIXI/fit/boost/2018/xixipp/v1/phsp/phsp30x.root => 2018
/data/liul/workarea/XIXI/fit/boost/2018/xixipp/v1/bkg1/bkg30x.root => 2018

0   0
0   /data/liul/workarea/XIXI/fit/boost/2018/xixipm/v1/mdiy/mdiy30x.root mdiy 2018  xixipm
Warning in <TClass::Init>: no dictionary for class ROOT::TIOFeatures is available
/data/liul/workarea/XIXI/fit/boost/2018/xixipm/v1/mdiy/mdiy30x.root
Finish
0   0
1   /data/liul/workarea/XIXI/fit/boost/2018/xixipm/v1/phsp/phsp30x.root phsp 2018  xixipm
/data/liul/workarea/XIXI/fit/boost/2018/xixipm/v1/phsp/phsp30x.root
Finish
0   0
2   /data/liul/workarea/XIXI/fit/boost/2018/xixipm/v1/bkg1/bkg30x.root bkg1 2018  xixipm
/data/liul/workarea/XIXI/fit/boost/2018/xixipm/v1/bkg1/bkg30x.root
Finish
0   1
3   /data/liul/workarea/XIXI/fit/boost/2018/xixipp/v1/mdiy/mdiy30x.root mdiy 2018  xixipp
/data/liul/workarea/XIXI/fit/boost/2018/xixipp/v1/mdiy/mdiy30x.root
Finish
0   1
4   /data/liul/workarea/XIXI/fit/boost/2018/xixipp/v1/phsp/phsp30x.root phsp 2018  xixipp
/data/liul/workarea/XIXI/fit/boost/2018/xixipp/v1/phsp/phsp30x.root
Finish
0   1
5   /data/liul/workarea/XIXI/fit/boost/2018/xixipp/v1/bkg1/bkg30x.root bkg1 2018  xixipp
/data/liul/workarea/XIXI/fit/boost/2018/xixipp/v1/bkg1/bkg30x.root
Finish
N[0][0] : 73532
N[0][1] : 2354058
N[0][2] : 530890
N[0][3] : 68891
N[0][4] : 2201781
N[0][5] : 411328
out.txt
OK 11111111113
OK
OK 11111111111
OK 11111111111
 **********
 **    1 **SET PRINT           0
 **********
 **********
 **    2 **SET ERR         0.5
 **********
 PARAMETER DEFINITIONS:
    NO.   NAME         VALUE      STEP SIZE      LIMITS
     1 alpha_jpsi   5.86000e-01  1.00000e-03   -1.00000e+00  1.00000e+00
     2 dphi_jpsi    1.12100e+00  1.00000e-03   -3.14159e+00  3.14159e+00
OK 11111111111
     3 xi_alpha    -3.75600e-01  1.00000e-03   -1.00000e+00  0.00000e+00
     4 xi_phi       1.20000e-02  1.00000e-03   -3.14159e+00  3.14159e+00
     5 xib_alpha    3.75600e-01  1.00000e-03    0.00000e+00  1.00000e+00
     6 xib_phi     -1.20000e-02  1.00000e-03   -3.14159e+00  3.14159e+00
     7 L1_alpha     6.92000e-01  1.00000e-03    0.00000e+00  1.00000e+00
     8 L2_alpha    -7.51000e-01  1.00000e-03   -1.00000e+00  0.00000e+00
     9 L3_alpha     7.51000e-01  1.00000e-03    1.00000e+00  0.00000e+00
 MINUIT WARNING IN PARAM DEF
 ============== PARAMETER LIMITS WERE REVERSED.
 PARAMETER DEFINITIONS:
    NO.   NAME         VALUE      STEP SIZE      LIMITS
    10 L4_alpha    -6.92000e-01  1.00000e-03   -1.00000e+00  0.00000e+00
OK 11111111113
OK 11111111114
 **********
 **    3 **MINI
 **********
Loglike: -9373.09
0.586 1.121 -0.3756 0.012 0.3756 -0.012 0.692 -0.751 0.751 -0.692 
Loglike: -9381.5
0.585244 1.18445 -0.383598 0.0225512 0.373359 -0.0500546 0.68076 -0.752116 0.731674 -0.699614 
 MIGRAD MINIMIZATION HAS CONVERGED.
 MIGRAD WILL VERIFY CONVERGENCE AND ERROR MATRIX.
Loglike: -9381.5
0.585418 1.18645 -0.383538 0.0228547 0.373287 -0.0497164 0.680766 -0.751811 0.731923 -0.699712 
 FCN=-9381.5 FROM MIGRAD    STATUS=CONVERGED     260 CALLS         261 TOTAL
                     EDM=3.57045e-06    STRATEGY= 1      ERROR MATRIX ACCURATE 
  EXT PARAMETER                                   STEP         FIRST   
  NO.   NAME      VALUE             ERROR          SIZE      DERIVATIVE 
    1  alpha_jpsi   5.85418e-01    9.31782e-03   6.97211e-04   9.76005e-03
    2  dphi_jpsi    1.18645e+00    3.26217e-02   6.70189e-04  -3.59323e-02
    3  xi_alpha    -3.83607e-01    5.35858e-03   7.03148e-04   4.97145e-02
    4  xi_phi       2.28547e-02    1.51973e-02   3.23031e-04  -4.64983e-02
    5  xib_alpha    3.73287e-01    5.30491e-03   6.98176e-04  -3.62415e-02
    6  xib_phi     -4.97164e-02    1.50695e-02   3.20438e-04  -1.13142e-01
    7  L1_alpha     6.80766e-01    1.03575e-02   1.33333e-03  -3.02783e-02
    8  L2_alpha    -7.51811e-01    1.06076e-02   1.45418e-03  -2.12646e-02
    9  L3_alpha     7.31923e-01    1.06368e-02   1.43591e-03   3.27595e-02
   10  L4_alpha    -6.99712e-01    1.07428e-02   1.41436e-03  -4.55995e-02
                               ERR DEF= 0.5
OK 11111111115
 **********
 **    4 **MINOS
 **********
Loglike: -9381
0.576101 1.17522 -0.383542 0.0225586 0.373187 -0.0499033 0.681705 -0.752772 0.732855 -0.700706 
Loglike: -9381
0.589185 1.21978 -0.383732 0.0240654 0.373419 -0.0494801 0.679871 -0.750338 0.730543 -0.698674 
Loglike: -9381
0.585305 1.1857 -0.378248 0.0228167 0.373319 -0.0506668 0.682783 -0.751672 0.734288 -0.699368 
Loglike: -9381
0.585598 1.18688 -0.383636 0.038052 0.373351 -0.0490194 0.680642 -0.751557 0.732531 -0.699764 
Loglike: -9381
0.585803 1.18564 -0.383644 0.0226889 0.367982 -0.0496821 0.680159 -0.754328 0.731765 -0.701754 
Loglike: -9381
0.584573 1.18361 -0.382905 0.022713 0.373594 -0.0497639 0.691123 -0.747917 0.732527 -0.699647 
Loglike: -9381
0.586259 1.19093 -0.383525 0.0231937 0.374536 -0.0484952 0.684538 -0.741203 0.731795 -0.699065 
Loglike: -9381
0.586235 1.19069 -0.3848 0.0228425 0.373218 -0.0497828 0.680177 -0.752309 0.721286 -0.703491 
 FCN=-9381.5 FROM MINOS     STATUS=SUCCESSFUL    837 CALLS        1098 TOTAL
                     EDM=3.57045e-06    STRATEGY= 1      ERROR MATRIX ACCURATE 
  EXT PARAMETER                  PARABOLIC         MINOS ERRORS        
  NO.   NAME      VALUE             ERROR      NEGATIVE      POSITIVE   
    1  alpha_jpsi   5.85418e-01    9.31782e-03  -9.33529e-03   9.30348e-03
    2  dphi_jpsi    1.18645e+00    3.26217e-02  -3.19495e-02   3.33520e-02
    3  xi_alpha    -3.83607e-01    5.35858e-03  -5.36469e-03   5.35311e-03
    4  xi_phi       2.28547e-02    1.51973e-02  -1.51927e-02   1.52029e-02
    5  xib_alpha    3.73287e-01    5.30491e-03  -5.29761e-03   5.31206e-03
    6  xib_phi     -4.97164e-02    1.50695e-02  -1.50624e-02   1.50779e-02
    7  L1_alpha     6.80766e-01    1.03575e-02  -1.03380e-02   1.03778e-02
    8  L2_alpha    -7.51811e-01    1.06076e-02  -1.06130e-02   1.06042e-02
    9  L3_alpha     7.31923e-01    1.06368e-02  -1.06303e-02   1.06458e-02
   10  L4_alpha    -6.99712e-01    1.07428e-02  -1.07459e-02   1.07424e-02
                               ERR DEF= 0.5
OK 11111111115
 EXTERNAL ERROR MATRIX.    NDIM=  25    NPAR= 10    ERR DEF=0.5
  8.683e-05  1.231e-04 -6.056e-07  2.759e-06  9.323e-07  1.741e-06 -8.754e-06  8.957e-06 -8.687e-06  9.265e-06 
  1.231e-04  1.064e-03 -3.980e-06  6.155e-06  4.218e-06  7.438e-06 -2.939e-05  4.813e-05 -4.513e-05  3.341e-05 
 -6.056e-07 -3.980e-06  2.872e-05 -2.036e-07  1.750e-07  3.005e-07  1.082e-05  7.443e-07  1.269e-05  1.845e-06 
  2.759e-06  6.155e-06 -2.036e-07  2.310e-04  9.029e-07  1.049e-05 -1.467e-06  3.554e-06  1.302e-07 -1.128e-06 
  9.323e-07  4.218e-06  1.750e-07  9.029e-07  2.814e-05 -1.264e-07  3.180e-06  1.348e-05  7.262e-07  1.096e-05 
  1.741e-06  7.438e-06  3.005e-07  1.049e-05 -1.264e-07  2.271e-04 -4.920e-07  2.182e-06  7.060e-07 -1.209e-06 
 -8.754e-06 -2.939e-05  1.082e-05 -1.467e-06  3.180e-06 -4.920e-07  1.073e-04  4.023e-05  6.259e-06  6.773e-07 
  8.957e-06  4.813e-05  7.443e-07  3.554e-06  1.348e-05  2.182e-06  4.023e-05  1.125e-04 -1.386e-06  6.879e-06 
 -8.687e-06 -4.513e-05  1.269e-05  1.302e-07  7.262e-07  7.060e-07  6.259e-06 -1.386e-06  1.132e-04  4.028e-05 
  9.265e-06  3.341e-05  1.845e-06 -1.128e-06  1.096e-05 -1.209e-06  6.773e-07  6.879e-06  4.028e-05  1.154e-04 
 PARAMETER  CORRELATION COEFFICIENTS  
       NO.  GLOBAL      1      2      3      4      5      6      7      8      9     10
        1  0.42119   1.000  0.405 -0.012  0.019  0.019  0.012 -0.091  0.091 -0.088  0.093
        2  0.44890   0.405  1.000 -0.023  0.012  0.024  0.015 -0.087  0.139 -0.130  0.095
        3  0.29997  -0.012 -0.023  1.000 -0.002  0.006  0.004  0.195  0.013  0.223  0.032
        4  0.05764   0.019  0.012 -0.002  1.000  0.011  0.046 -0.009  0.022  0.001 -0.007
        5  0.30706   0.019  0.024  0.006  0.011  1.000 -0.002  0.058  0.239  0.013  0.192
        6  0.05215   0.012  0.015  0.004  0.046 -0.002  1.000 -0.003  0.014  0.004 -0.007
        7  0.44173  -0.091 -0.087  0.195 -0.009  0.058 -0.003  1.000  0.366  0.057  0.006
        8  0.46514   0.091  0.139  0.013  0.022  0.239  0.014  0.366  1.000 -0.012  0.060
        9  0.44811  -0.088 -0.130  0.223  0.001  0.013  0.004  0.057 -0.012  1.000  0.352
       10  0.43147   0.093  0.095  0.032 -0.007  0.192 -0.007  0.006  0.060  0.352  1.000
OK 11111111115
0   0
0   /data/liul/workarea/XIXI/fit/boost/2018/xixipm/v1/mdiy/mdiy30x.root mdiy 2018  xixipm
/data/liul/workarea/XIXI/fit/boost/2018/xixipm/v1/mdiy/mdiy30x.root
Finish
0   0
1   /data/liul/workarea/XIXI/fit/boost/2018/xixipm/v1/phsp/phsp30x.root phsp 2018  xixipm
/data/liul/workarea/XIXI/fit/boost/2018/xixipm/v1/phsp/phsp30x.root
Finish
0   0
2   /data/liul/workarea/XIXI/fit/boost/2018/xixipm/v1/bkg1/bkg30x.root bkg1 2018  xixipm
/data/liul/workarea/XIXI/fit/boost/2018/xixipm/v1/bkg1/bkg30x.root
Finish
0   1
3   /data/liul/workarea/XIXI/fit/boost/2018/xixipp/v1/mdiy/mdiy30x.root mdiy 2018  xixipp
/data/liul/workarea/XIXI/fit/boost/2018/xixipp/v1/mdiy/mdiy30x.root
Finish
0   1
4   /data/liul/workarea/XIXI/fit/boost/2018/xixipp/v1/phsp/phsp30x.root phsp 2018  xixipp
/data/liul/workarea/XIXI/fit/boost/2018/xixipp/v1/phsp/phsp30x.root
Finish
0   1
5   /data/liul/workarea/XIXI/fit/boost/2018/xixipp/v1/bkg1/bkg30x.root bkg1 2018  xixipp
/data/liul/workarea/XIXI/fit/boost/2018/xixipp/v1/bkg1/bkg30x.root
Finish
N[0][0] : 73085
N[0][1] : 2354058
N[0][2] : 530890
N[0][3] : 68893
N[0][4] : 2201781
N[0][5] : 411328
out.txt
OK 11111111113
OK
OK 11111111111
OK 11111111111
 **********
 **    1 **SET PRINT           0
 **********
 **********
 **    2 **SET ERR         0.5
 **********
 PARAMETER DEFINITIONS:
    NO.   NAME         VALUE      STEP SIZE      LIMITS
     1 alpha_jpsi   5.86000e-01  1.00000e-03   -1.00000e+00  1.00000e+00
     2 dphi_jpsi    1.12100e+00  1.00000e-03   -3.14159e+00  3.14159e+00
OK 11111111111
     3 xi_alpha    -3.75600e-01  1.00000e-03   -1.00000e+00  0.00000e+00
     4 xi_phi       1.20000e-02  1.00000e-03   -3.14159e+00  3.14159e+00
     5 xib_alpha    3.75600e-01  1.00000e-03    0.00000e+00  1.00000e+00
     6 xib_phi     -1.20000e-02  1.00000e-03   -3.14159e+00  3.14159e+00
     7 L1_alpha     6.92000e-01  1.00000e-03    0.00000e+00  1.00000e+00
     8 L2_alpha    -7.51000e-01  1.00000e-03   -1.00000e+00  0.00000e+00
     9 L3_alpha     7.51000e-01  1.00000e-03    1.00000e+00  0.00000e+00
 MINUIT WARNING IN PARAM DEF
 ============== PARAMETER LIMITS WERE REVERSED.
 PARAMETER DEFINITIONS:
    NO.   NAME         VALUE      STEP SIZE      LIMITS
    10 L4_alpha    -6.92000e-01  1.00000e-03   -1.00000e+00  0.00000e+00
OK 11111111113
OK 11111111114
 **********
 **    3 **MINI
 **********
Loglike: 88850.2
0.585794 1.121 -0.3756 0.012 0.3756 -0.012 0.692 -0.751 0.751 -0.692 
Loglike: 88846.8
0.583898 1.1445 -0.375331 0.0114068 0.370744 -0.00879146 0.694783 -0.765662 0.759479 -0.704228 
 MIGRAD MINIMIZATION HAS CONVERGED.
 MIGRAD WILL VERIFY CONVERGENCE AND ERROR MATRIX.
Loglike: 88846.8
0.583339 1.14397 -0.375394 0.0114278 0.370741 -0.00882756 0.694109 -0.764039 0.759261 -0.704505 
 FCN=88846.8 FROM MIGRAD    STATUS=CONVERGED     276 CALLS         277 TOTAL
                     EDM=1.55634e-06    STRATEGY= 1      ERROR MATRIX ACCURATE 
  EXT PARAMETER                                   STEP         FIRST   
  NO.   NAME      VALUE             ERROR          SIZE      DERIVATIVE 
    1  alpha_jpsi   5.83339e-01    9.20654e-03   2.11889e-03   4.72010e-02
    2  dphi_jpsi    1.14397e+00    2.98841e-02   1.88477e-03   4.81081e-02
    3  xi_alpha    -3.75601e-01    5.26673e-03   2.13147e-03  -3.50620e-02
    4  xi_phi       1.14278e-02    1.46992e-02   9.62627e-04   1.22220e-03
    5  xib_alpha    3.70741e-01    5.26316e-03   2.12891e-03  -3.60595e-02
    6  xib_phi     -8.82756e-03    1.45881e-02   9.55387e-04   9.25827e-02
    7  L1_alpha     6.94109e-01    1.05215e-02   4.18284e-03  -1.36997e-03
    8  L2_alpha    -7.64039e-01    1.07295e-02   4.54686e-03   4.32274e-03
    9  L3_alpha     7.59261e-01    1.07270e-02   4.54725e-03   3.61398e-02
   10  L4_alpha    -7.04505e-01    1.07140e-02   4.30431e-03  -1.35299e-02
                               ERR DEF= 0.5
OK 11111111115
 **********
 **    4 **MINOS
 **********
Loglike: 88847.3
0.592546 1.156 -0.375682 0.00811799 0.37088 -0.00889794 0.693096 -0.762911 0.758311 -0.703524 
Loglike: 88847.3
0.586954 1.17441 -0.375693 0.0112324 0.370942 -0.00585631 0.693157 -0.762554 0.758043 -0.703373 
Loglike: 88847.3
0.579678 1.1146 -0.375505 0.0116314 0.370538 -0.00881157 0.695062 -0.767491 0.760491 -0.705652 
Loglike: 88847.3
0.583157 1.14357 -0.375586 0.0261269 0.370746 -0.00855343 0.694182 -0.764079 0.761166 -0.704469 
Loglike: 88847.3
0.583571 1.14511 -0.375515 0.0114403 0.376005 -0.008866 0.694833 -0.761224 0.761376 -0.702579 
Loglike: 88847.3
0.583381 1.14402 -0.375644 0.0111515 0.37075 -0.0234156 0.694162 -0.763914 0.759201 -0.702703 
Loglike: 88847.3
0.586021 1.14817 -0.375466 0.0113718 0.372121 -0.00899702 0.698103 -0.753309 0.759183 -0.703824 
Loglike: 88847.3
0.582525 1.14046 -0.373309 0.0114063 0.370822 -0.00874781 0.69475 -0.764128 0.769988 -0.700324 
Loglike: 88847.3
0.582506 1.14078 -0.375922 0.011378 0.370834 -0.00904897 0.69399 -0.76472 0.755091 -0.715219 
 FCN=88846.8 FROM MINOS     STATUS=SUCCESSFUL    855 CALLS        1132 TOTAL
                     EDM=1.55634e-06    STRATEGY= 1      ERROR MATRIX ACCURATE 
  EXT PARAMETER                  PARABOLIC         MINOS ERRORS        
  NO.   NAME      VALUE             ERROR      NEGATIVE      POSITIVE   
    1  alpha_jpsi   5.83339e-01    9.20654e-03  -9.22766e-03   9.19133e-03
    2  dphi_jpsi    1.14397e+00    2.98841e-02  -2.93782e-02   3.04492e-02
    3  xi_alpha    -3.75601e-01    5.26673e-03  -5.26906e-03   5.26591e-03
    4  xi_phi       1.14278e-02    1.46992e-02  -1.46992e-02   1.47001e-02
    5  xib_alpha    3.70741e-01    5.26316e-03  -5.25775e-03   5.26736e-03
    6  xib_phi     -8.82756e-03    1.45881e-02  -1.45940e-02   1.45829e-02
    7  L1_alpha     6.94109e-01    1.05215e-02  -1.05055e-02   1.05355e-02
    8  L2_alpha    -7.64039e-01    1.07295e-02  -1.07474e-02   1.07122e-02
    9  L3_alpha     7.59261e-01    1.07270e-02  -1.07205e-02   1.07375e-02
   10  L4_alpha    -7.04505e-01    1.07140e-02  -1.07299e-02   1.07034e-02
                               ERR DEF= 0.5
OK 11111111115
 EXTERNAL ERROR MATRIX.    NDIM=  25    NPAR= 10    ERR DEF=0.5
  8.476e-05  1.095e-04 -7.776e-07 -2.682e-06  1.261e-06 -6.033e-07 -9.335e-06  1.031e-05 -8.710e-06  8.930e-06 
  1.095e-04  8.931e-04 -2.881e-06 -5.970e-06  6.047e-06 -7.073e-07 -2.897e-05  4.507e-05 -3.714e-05  3.414e-05 
 -7.776e-07 -2.881e-06  2.774e-05  2.120e-07  4.466e-07  6.381e-07  1.088e-05  1.448e-06  1.325e-05  3.441e-06 
 -2.682e-06 -5.970e-06  2.120e-07  2.161e-04  6.801e-08  4.029e-06  1.073e-06 -6.002e-07 -3.499e-07  5.330e-07 
  1.261e-06  6.047e-06  4.466e-07  6.801e-08  2.770e-05 -1.300e-07  3.896e-06  1.480e-05  9.965e-07  1.006e-05 
 -6.033e-07 -7.073e-07  6.381e-07  4.029e-06 -1.300e-07  2.128e-04 -7.680e-07 -1.818e-06  8.761e-07  2.372e-06 
 -9.335e-06 -2.897e-05  1.088e-05  1.073e-06  3.896e-06 -7.680e-07  1.107e-04  4.294e-05  6.769e-06  1.276e-06 
  1.031e-05  4.507e-05  1.448e-06 -6.002e-07  1.480e-05 -1.818e-06  4.294e-05  1.151e-04 -8.385e-07  7.308e-06 
 -8.710e-06 -3.714e-05  1.325e-05 -3.499e-07  9.965e-07  8.761e-07  6.769e-06 -8.385e-07  1.151e-04  4.455e-05 
  8.930e-06  3.414e-05  3.441e-06  5.330e-07  1.006e-05  2.372e-06  1.276e-06  7.308e-06  4.455e-05  1.148e-04 
 PARAMETER  CORRELATION COEFFICIENTS  
       NO.  GLOBAL      1      2      3      4      5      6      7      8      9     10
        1  0.41857   1.000  0.398 -0.016 -0.020  0.026 -0.004 -0.096  0.104 -0.088  0.091
        2  0.44313   0.398  1.000 -0.018 -0.014  0.038 -0.002 -0.092  0.141 -0.116  0.107
        3  0.30555  -0.016 -0.018  1.000  0.003  0.016  0.008  0.196  0.026  0.235  0.061
        4  0.03018  -0.020 -0.014  0.003  1.000  0.001  0.019  0.007 -0.004 -0.002  0.003
        5  0.31476   0.026  0.038  0.016  0.001  1.000 -0.002  0.070  0.262  0.018  0.178
        6  0.02886  -0.004 -0.002  0.008  0.019 -0.002  1.000 -0.005 -0.012  0.006  0.015
        7  0.45610  -0.096 -0.092  0.196  0.007  0.070 -0.005  1.000  0.380  0.060  0.011
        8  0.48580   0.104  0.141  0.026 -0.004  0.262 -0.012  0.380  1.000 -0.007  0.064
        9  0.47427  -0.088 -0.116  0.235 -0.002  0.018  0.006  0.060 -0.007  1.000  0.388
       10  0.45496   0.091  0.107  0.061  0.003  0.178  0.015  0.011  0.064  0.388  1.000
OK 11111111115
0   0
0   /data/liul/workarea/XIXI/fit/boost/2018/xixipm/v1/mdiy/mdiy30x.root mdiy 2018  xixipm
/data/liul/workarea/XIXI/fit/boost/2018/xixipm/v1/mdiy/mdiy30x.root
Finish
0   0
1   /data/liul/workarea/XIXI/fit/boost/2018/xixipm/v1/phsp/phsp30x.root phsp 2018  xixipm
/data/liul/workarea/XIXI/fit/boost/2018/xixipm/v1/phsp/phsp30x.root
Finish
0   0
2   /data/liul/workarea/XIXI/fit/boost/2018/xixipm/v1/bkg1/bkg30x.root bkg1 2018  xixipm
/data/liul/workarea/XIXI/fit/boost/2018/xixipm/v1/bkg1/bkg30x.root
Finish
0   1
3   /data/liul/workarea/XIXI/fit/boost/2018/xixipp/v1/mdiy/mdiy30x.root mdiy 2018  xixipp
/data/liul/workarea/XIXI/fit/boost/2018/xixipp/v1/mdiy/mdiy30x.root
Finish
0   1
4   /data/liul/workarea/XIXI/fit/boost/2018/xixipp/v1/phsp/phsp30x.root phsp 2018  xixipp
/data/liul/workarea/XIXI/fit/boost/2018/xixipp/v1/phsp/phsp30x.root
Finish
0   1
5   /data/liul/workarea/XIXI/fit/boost/2018/xixipp/v1/bkg1/bkg30x.root bkg1 2018  xixipp
/data/liul/workarea/XIXI/fit/boost/2018/xixipp/v1/bkg1/bkg30x.root
Finish
N[0][0] : 73432
N[0][1] : 2354058
N[0][2] : 530890
N[0][3] : 68960
N[0][4] : 2201781
N[0][5] : 411328
out.txt
OK 11111111113
OK
OK 11111111111
OK 11111111111
 **********
 **    1 **SET PRINT           0
 **********
 **********
 **    2 **SET ERR         0.5
 **********
 PARAMETER DEFINITIONS:
    NO.   NAME         VALUE      STEP SIZE      LIMITS
     1 alpha_jpsi   5.86000e-01  1.00000e-03   -1.00000e+00  1.00000e+00
     2 dphi_jpsi    1.12100e+00  1.00000e-03   -3.14159e+00  3.14159e+00
OK 11111111111
     3 xi_alpha    -3.75600e-01  1.00000e-03   -1.00000e+00  0.00000e+00
     4 xi_phi       1.20000e-02  1.00000e-03   -3.14159e+00  3.14159e+00
     5 xib_alpha    3.75600e-01  1.00000e-03    0.00000e+00  1.00000e+00
     6 xib_phi     -1.20000e-02  1.00000e-03   -3.14159e+00  3.14159e+00
     7 L1_alpha     6.92000e-01  1.00000e-03    0.00000e+00  1.00000e+00
     8 L2_alpha    -7.51000e-01  1.00000e-03   -1.00000e+00  0.00000e+00
     9 L3_alpha     7.51000e-01  1.00000e-03    1.00000e+00  0.00000e+00
 MINUIT WARNING IN PARAM DEF
 ============== PARAMETER LIMITS WERE REVERSED.
 PARAMETER DEFINITIONS:
    NO.   NAME         VALUE      STEP SIZE      LIMITS
    10 L4_alpha    -6.92000e-01  1.00000e-03   -1.00000e+00  0.00000e+00
OK 11111111113
OK 11111111114
 **********
 **    3 **MINI
 **********
Loglike: 147050
0.595046 1.19892 -0.384951 0.0323281 0.371812 -0.0243992 0.6714 -0.758581 0.73603 -0.694514 
Loglike: 147050
0.595779 1.2024 -0.383105 0.0288707 0.371429 -0.0221915 0.670355 -0.757896 0.736756 -0.694794 
 MIGRAD MINIMIZATION HAS CONVERGED.
 MIGRAD WILL VERIFY CONVERGENCE AND ERROR MATRIX.
Loglike: 147050
0.595779 1.2024 -0.383105 0.0329202 0.371429 -0.0221915 0.670355 -0.757896 0.734251 -0.692245 
 FCN=147050 FROM MIGRAD    STATUS=CONVERGED     275 CALLS         276 TOTAL
                     EDM=4.98389e-06    STRATEGY= 1      ERROR MATRIX ACCURATE 
  EXT PARAMETER                                   STEP         FIRST   
  NO.   NAME      VALUE             ERROR          SIZE      DERIVATIVE 
    1  alpha_jpsi   5.95779e-01    9.32028e-03   2.77145e-03  -2.60695e-04
    2  dphi_jpsi    1.20240e+00    3.43511e-02   2.79314e-03   1.16413e-01
    3  xi_alpha    -3.83105e-01    5.35695e-03   2.78388e-03   4.89831e-02
    4  xi_phi       2.88707e-02    1.52965e-02   1.28908e-03   1.02265e-01
    5  xib_alpha    3.71429e-01    5.31754e-03   2.77064e-03  -3.45790e-02
    6  xib_phi     -2.21915e-02    1.49155e-02   1.25681e-03  -4.60475e-02
    7  L1_alpha     6.70355e-01    1.03747e-02   5.23912e-03  -1.44982e-02
    8  L2_alpha    -7.57896e-01    1.06888e-02   5.83881e-03  -8.81517e-04
    9  L3_alpha     7.34251e-01    1.06296e-02   5.67907e-03   5.69828e-03
   10  L4_alpha    -6.94794e-01    1.06895e-02   5.52899e-03  -7.02955e-02
                               ERR DEF= 0.5
OK 11111111115
 **********
 **    4 **MINOS
 **********
Loglike: 147051
0.599639 1.23675 -0.383149 0.0287546 0.371535 -0.0222003 0.669485 -0.75638 0.733008 -0.691289 
Loglike: 147051
0.59179 1.16873 -0.381711 0.0289878 0.37132 -0.0221767 0.671233 -0.759472 0.735534 -0.69576 
Loglike: 147051
0.595892 1.19453 -0.388462 0.0288607 0.371366 -0.0221883 0.668341 -0.758009 0.731873 -0.695191 
Loglike: 147051
0.595947 1.20309 -0.384391 0.0289022 0.376746 -0.0221524 0.67103 -0.755269 0.734459 -0.692747 
Loglike: 147051
0.595892 1.2024 -0.384461 0.0291365 0.371454 -0.00727605 0.670268 -0.757875 0.734312 -0.694659 
Loglike: 147051
0.596698 1.20528 -0.384139 0.0288682 0.369744 -0.0220738 0.65998 -0.761814 0.733648 -0.694891 
Loglike: 147051
0.594918 1.19739 -0.383155 0.0288681 0.370103 -0.0182319 0.666525 -0.768584 0.734377 -0.695436 
Loglike: 147051
0.59657 1.20545 -0.382886 0.0288911 0.372446 -0.0220636 0.672907 -0.757248 0.738133 -0.684104 
 FCN=147050 FROM MINOS     STATUS=SUCCESSFUL    859 CALLS        1135 TOTAL
                     EDM=4.98389e-06    STRATEGY= 1      ERROR MATRIX ACCURATE 
  EXT PARAMETER                  PARABOLIC         MINOS ERRORS        
  NO.   NAME      VALUE             ERROR      NEGATIVE      POSITIVE   
    1  alpha_jpsi   5.95779e-01    9.32028e-03  -9.35770e-03   9.30443e-03
    2  dphi_jpsi    1.20240e+00    3.43511e-02  -3.36883e-02   3.51598e-02
    3  xi_alpha    -3.83105e-01    5.35695e-03  -5.36284e-03   5.35271e-03
    4  xi_phi       2.88707e-02    1.52965e-02  -1.53033e-02   1.52905e-02
    5  xib_alpha    3.71429e-01    5.31754e-03  -5.31007e-03   5.32354e-03
    6  xib_phi     -2.21915e-02    1.49155e-02  -1.49121e-02   1.49197e-02
    7  L1_alpha     6.70355e-01    1.03747e-02  -1.03565e-02   1.03897e-02
    8  L2_alpha    -7.57896e-01    1.06888e-02  -1.07036e-02   1.06757e-02
    9  L3_alpha     7.34251e-01    1.06296e-02  -1.06121e-02   1.06509e-02
   10  L4_alpha    -6.94794e-01    1.06895e-02  -1.06876e-02   1.06965e-02
                               ERR DEF= 0.5
OK 11111111115
 EXTERNAL ERROR MATRIX.    NDIM=  25    NPAR= 10    ERR DEF=0.5
  8.687e-05  1.328e-04 -6.458e-07 -2.252e-07  8.918e-07  1.719e-06 -9.536e-06  9.026e-06 -9.002e-06  8.456e-06 
  1.328e-04  1.180e-03 -1.495e-06 -3.989e-06  3.665e-06 -3.013e-07 -2.987e-05  5.201e-05 -4.265e-05  3.255e-05 
 -6.458e-07 -1.495e-06  2.870e-05 -5.001e-08  3.639e-07 -1.239e-09  1.072e-05  7.543e-07  1.269e-05  2.340e-06 
 -2.252e-07 -3.989e-06 -5.001e-08  2.340e-04  1.675e-07  4.082e-06  2.561e-08 -2.061e-08 -8.137e-07  2.180e-07 
  8.918e-07  3.665e-06  3.639e-07  1.675e-07  2.828e-05  2.081e-07  3.592e-06  1.394e-05  1.107e-06  1.087e-05 
  1.719e-06 -3.013e-07 -1.239e-09  4.082e-06  2.081e-07  2.225e-04 -1.221e-06 -8.103e-08  9.096e-07  1.367e-06 
 -9.536e-06 -2.987e-05  1.072e-05  2.561e-08  3.592e-06 -1.221e-06  1.077e-04  4.077e-05  6.252e-06  1.014e-06 
  9.026e-06  5.201e-05  7.543e-07 -2.061e-08  1.394e-05 -8.103e-08  4.077e-05  1.143e-04 -1.160e-06  6.925e-06 
 -9.002e-06 -4.265e-05  1.269e-05 -8.137e-07  1.107e-06  9.096e-07  6.252e-06 -1.160e-06  1.130e-04  4.160e-05 
  8.456e-06  3.255e-05  2.340e-06  2.180e-07  1.087e-05  1.367e-06  1.014e-06  6.925e-06  4.160e-05  1.143e-04 
 PARAMETER  CORRELATION COEFFICIENTS  
       NO.  GLOBAL      1      2      3      4      5      6      7      8      9     10
        1  0.43197   1.000  0.415 -0.013 -0.002  0.018  0.012 -0.099  0.091 -0.091  0.085
        2  0.45343   0.415  1.000 -0.008 -0.008  0.020 -0.001 -0.084  0.142 -0.117  0.089
        3  0.29964  -0.013 -0.008  1.000 -0.001  0.013 -0.000  0.193  0.013  0.223  0.041
        4  0.02093  -0.002 -0.008 -0.001  1.000  0.002  0.018  0.000 -0.000 -0.005  0.001
        5  0.31004   0.018  0.020  0.013  0.002  1.000  0.003  0.065  0.245  0.020  0.191
        6  0.02542   0.012 -0.001 -0.000  0.018  0.003  1.000 -0.008 -0.001  0.006  0.009
        7  0.44321  -0.099 -0.084  0.193  0.000  0.065 -0.008  1.000  0.368  0.057  0.009
        8  0.46844   0.091  0.142  0.013 -0.000  0.245 -0.001  0.368  1.000 -0.010  0.061
        9  0.45368  -0.091 -0.117  0.223 -0.005  0.020  0.006  0.057 -0.010  1.000  0.366
       10  0.43718   0.085  0.089  0.041  0.001  0.191  0.009  0.009  0.061  0.366  1.000
OK 11111111115
0   0
0   /data/liul/workarea/XIXI/fit/boost/2018/xixipm/v1/mdiy/mdiy30x.root mdiy 2018  xixipm
/data/liul/workarea/XIXI/fit/boost/2018/xixipm/v1/mdiy/mdiy30x.root
Finish
0   0
1   /data/liul/workarea/XIXI/fit/boost/2018/xixipm/v1/phsp/phsp30x.root phsp 2018  xixipm
/data/liul/workarea/XIXI/fit/boost/2018/xixipm/v1/phsp/phsp30x.root
Finish
0   0
2   /data/liul/workarea/XIXI/fit/boost/2018/xixipm/v1/bkg1/bkg30x.root bkg1 2018  xixipm
/data/liul/workarea/XIXI/fit/boost/2018/xixipm/v1/bkg1/bkg30x.root
Finish
0   1
3   /data/liul/workarea/XIXI/fit/boost/2018/xixipp/v1/mdiy/mdiy30x.root mdiy 2018  xixipp
/data/liul/workarea/XIXI/fit/boost/2018/xixipp/v1/mdiy/mdiy30x.root
Finish
0   1
4   /data/liul/workarea/XIXI/fit/boost/2018/xixipp/v1/phsp/phsp30x.root phsp 2018  xixipp
/data/liul/workarea/XIXI/fit/boost/2018/xixipp/v1/phsp/phsp30x.root
Finish
0   1
5   /data/liul/workarea/XIXI/fit/boost/2018/xixipp/v1/bkg1/bkg30x.root bkg1 2018  xixipp
/data/liul/workarea/XIXI/fit/boost/2018/xixipp/v1/bkg1/bkg30x.root
Finish
N[0][0] : 73192
N[0][1] : 2354058
N[0][2] : 530890
N[0][3] : 68663
N[0][4] : 2201781
N[0][5] : 411328
out.txt
OK 11111111113
OK
OK 11111111111
OK 11111111111
 **********
 **    1 **SET PRINT           0
 **********
 **********
 **    2 **SET ERR         0.5
 **********
 PARAMETER DEFINITIONS:
    NO.   NAME         VALUE      STEP SIZE      LIMITS
     1 alpha_jpsi   5.86000e-01  1.00000e-03   -1.00000e+00  1.00000e+00
     2 dphi_jpsi    1.12100e+00  1.00000e-03   -3.14159e+00  3.14159e+00
OK 11111111111
     3 xi_alpha    -3.75600e-01  1.00000e-03   -1.00000e+00  0.00000e+00
     4 xi_phi       1.20000e-02  1.00000e-03   -3.14159e+00  3.14159e+00
     5 xib_alpha    3.75600e-01  1.00000e-03    0.00000e+00  1.00000e+00
     6 xib_phi     -1.20000e-02  1.00000e-03   -3.14159e+00  3.14159e+00
     7 L1_alpha     6.92000e-01  1.00000e-03    0.00000e+00  1.00000e+00
     8 L2_alpha    -7.51000e-01  1.00000e-03   -1.00000e+00  0.00000e+00
     9 L3_alpha     7.51000e-01  1.00000e-03    1.00000e+00  0.00000e+00
 MINUIT WARNING IN PARAM DEF
 ============== PARAMETER LIMITS WERE REVERSED.
 PARAMETER DEFINITIONS:
    NO.   NAME         VALUE      STEP SIZE      LIMITS
    10 L4_alpha    -6.92000e-01  1.00000e-03   -1.00000e+00  0.00000e+00
OK 11111111113
OK 11111111114
 **********
 **    3 **MINI
 **********
Loglike: 187371
0.586 1.121 -0.3756 0.012 0.3756 -0.012 0.692 -0.751 0.753879 -0.692 
Loglike: 187363
0.579821 1.1997 -0.370385 0.0171845 0.377701 -0.0243208 0.701804 -0.74798 0.74574 -0.674933 
 MIGRAD MINIMIZATION HAS CONVERGED.
 MIGRAD WILL VERIFY CONVERGENCE AND ERROR MATRIX.
Loglike: 187363
0.579858 1.20871 -0.371918 0.0216565 0.377699 -0.0243758 0.701791 -0.747996 0.745668 -0.674962 
 FCN=187363 FROM MIGRAD    STATUS=CONVERGED     275 CALLS         276 TOTAL
                     EDM=4.11153e-06    STRATEGY= 1      ERROR MATRIX ACCURATE 
  EXT PARAMETER                                   STEP         FIRST   
  NO.   NAME      VALUE             ERROR          SIZE      DERIVATIVE 
    1  alpha_jpsi   5.79858e-01    9.31939e-03   3.10820e-03  -3.27697e-02
    2  dphi_jpsi    1.19978e+00    3.33573e-02   3.07538e-03   1.21206e-01
    3  xi_alpha    -3.71918e-01    5.32492e-03   3.12981e-03  -2.66406e-02
    4  xi_phi       1.72008e-02    1.49314e-02   1.41834e-03   1.80175e-01
    5  xib_alpha    3.77699e-01    5.34837e-03   3.14195e-03   7.74243e-02
    6  xib_phi     -2.43758e-02    1.51614e-02   1.44070e-03  -5.69466e-02
    7  L1_alpha     7.01791e-01    1.04541e-02   6.11746e-03   2.58074e-02
    8  L2_alpha    -7.47996e-01    1.05034e-02   6.40126e-03   9.91256e-03
    9  L3_alpha     7.45668e-01    1.09273e-02   6.66466e-03   1.65915e-02
   10  L4_alpha    -6.74962e-01    1.06878e-02   6.16227e-03   1.15993e-02
                               ERR DEF= 0.5
OK 11111111115
 **********
 **    4 **MINOS
 **********
Loglike: 187363
0.570539 1.18646 -0.3718 0.0169991 0.377583 -0.0245025 0.702754 -0.74893 0.746736 -0.675876 
Loglike: 187363
0.576125 1.16642 -0.370206 0.0171908 0.377569 -0.0245002 0.702894 -0.749335 0.747127 -0.675916 
Loglike: 187363
0.579656 1.19854 -0.366593 0.0172047 0.379226 -0.0242457 0.703846 -0.747862 0.748271 -0.674436 
Loglike: 187363
0.579736 1.19976 -0.37192 0.00226941 0.377749 -0.0296272 0.701855 -0.748047 0.745684 -0.674728 
Loglike: 187363
0.579661 1.19896 -0.371927 0.0173252 0.372351 -0.0244278 0.701273 -0.74776 0.74561 -0.676814 
Loglike: 187363
0.578989 1.19626 -0.370859 0.0171084 0.377949 -0.0244243 0.712245 -0.744167 0.743448 -0.674894 
Loglike: 187363
0.579037 1.19553 -0.371986 0.0171282 0.376392 -0.0244562 0.697982 -0.758499 0.745814 -0.675557 
Loglike: 187363
0.578228 1.20417 -0.373169 0.0171953 0.377658 -0.0245109 0.70114 -0.747873 0.73474 -0.678778 
 FCN=187363 FROM MINOS     STATUS=SUCCESSFUL    855 CALLS        1131 TOTAL
                     EDM=4.11153e-06    STRATEGY= 1      ERROR MATRIX ACCURATE 
  EXT PARAMETER                  PARABOLIC         MINOS ERRORS        
  NO.   NAME      VALUE             ERROR      NEGATIVE      POSITIVE   
    1  alpha_jpsi   5.79858e-01    9.31939e-03  -9.34945e-03   9.30977e-03
    2  dphi_jpsi    1.19978e+00    3.33573e-02  -3.27394e-02   3.41095e-02
    3  xi_alpha    -3.71918e-01    5.32492e-03  -5.32868e-03   5.32336e-03
    4  xi_phi       1.72008e-02    1.49314e-02  -1.49447e-02   1.49193e-02
    5  xib_alpha    3.77699e-01    5.34837e-03  -5.34998e-03   5.34516e-03
    6  xib_phi     -2.43758e-02    1.51614e-02  -1.51584e-02   1.51651e-02
    7  L1_alpha     7.01791e-01    1.04541e-02  -1.04471e-02   1.04595e-02
    8  L2_alpha    -7.47996e-01    1.05034e-02  -1.05285e-02   1.04806e-02
    9  L3_alpha     7.45668e-01    1.09273e-02  -1.09179e-02   1.09426e-02
   10  L4_alpha    -6.74962e-01    1.06878e-02  -1.07104e-02   1.06732e-02
                               ERR DEF= 0.5
OK 11111111115
 EXTERNAL ERROR MATRIX.    NDIM=  25    NPAR= 10    ERR DEF=0.5
  8.685e-05  1.243e-04 -1.091e-06  1.818e-06  1.039e-06  1.172e-06 -9.086e-06  8.625e-06 -1.000e-05  8.482e-06 
  1.243e-04  1.113e-03 -6.651e-06  3.343e-07  4.347e-06  4.150e-06 -3.684e-05  4.469e-05 -4.874e-05  3.183e-05 
 -1.091e-06 -6.651e-06  2.836e-05  2.885e-08  4.887e-08  6.616e-07  1.107e-05  7.175e-07  1.393e-05  2.766e-06 
  1.818e-06  3.343e-07  2.885e-08  2.229e-04 -7.413e-07  1.084e-05 -9.654e-07  7.621e-07 -2.393e-07 -3.483e-06 
  1.039e-06  4.347e-06  4.887e-08 -7.413e-07  2.861e-05  3.661e-07  2.617e-06  1.374e-05  1.642e-07  9.982e-06 
  1.172e-06  4.150e-06  6.616e-07  1.084e-05  3.661e-07  2.299e-04 -5.072e-07  8.450e-07  1.458e-06  6.544e-07 
 -9.086e-06 -3.684e-05  1.107e-05 -9.654e-07  2.617e-06 -5.072e-07  1.093e-04  3.994e-05  7.164e-06  7.114e-07 
  8.625e-06  4.469e-05  7.175e-07  7.621e-07  1.374e-05  8.450e-07  3.994e-05  1.103e-04 -1.534e-06  6.260e-06 
 -1.000e-05 -4.874e-05  1.393e-05 -2.393e-07  1.642e-07  1.458e-06  7.164e-06 -1.534e-06  1.194e-04  4.191e-05 
  8.482e-06  3.183e-05  2.766e-06 -3.483e-06  9.982e-06  6.544e-07  7.114e-07  6.260e-06  4.191e-05  1.142e-04 
 PARAMETER  CORRELATION COEFFICIENTS  
       NO.  GLOBAL      1      2      3      4      5      6      7      8      9     10
        1  0.41661   1.000  0.400 -0.022  0.013  0.021  0.008 -0.093  0.088 -0.098  0.085
        2  0.44471   0.400  1.000 -0.037  0.001  0.024  0.008 -0.106  0.128 -0.134  0.089
        3  0.31106  -0.022 -0.037  1.000  0.000  0.002  0.008  0.199  0.013  0.239  0.049
        4  0.05665   0.013  0.001  0.000  1.000 -0.009  0.048 -0.006  0.005 -0.001 -0.022
        5  0.30354   0.021  0.024  0.002 -0.009  1.000  0.005  0.047  0.245  0.003  0.175
        6  0.05084   0.008  0.008  0.008  0.048  0.005  1.000 -0.003  0.005  0.009  0.004
        7  0.44505  -0.093 -0.106  0.199 -0.006  0.047 -0.003  1.000  0.364  0.063  0.006
        8  0.46526   0.088  0.128  0.013  0.005  0.245  0.005  0.364  1.000 -0.013  0.056
        9  0.45907  -0.098 -0.134  0.239 -0.001  0.003  0.009  0.063 -0.013  1.000  0.359
       10  0.42864   0.085  0.089  0.049 -0.022  0.175  0.004  0.006  0.056  0.359  1.000
OK 11111111115
0   0
0   /data/liul/workarea/XIXI/fit/boost/2018/xixipm/v1/mdiy/mdiy30x.root mdiy 2018  xixipm
/data/liul/workarea/XIXI/fit/boost/2018/xixipm/v1/mdiy/mdiy30x.root
Finish
0   0
1   /data/liul/workarea/XIXI/fit/boost/2018/xixipm/v1/phsp/phsp30x.root phsp 2018  xixipm
/data/liul/workarea/XIXI/fit/boost/2018/xixipm/v1/phsp/phsp30x.root
Finish
0   0
2   /data/liul/workarea/XIXI/fit/boost/2018/xixipm/v1/bkg1/bkg30x.root bkg1 2018  xixipm
/data/liul/workarea/XIXI/fit/boost/2018/xixipm/v1/bkg1/bkg30x.root
Finish
0   1
3   /data/liul/workarea/XIXI/fit/boost/2018/xixipp/v1/mdiy/mdiy30x.root mdiy 2018  xixipp
/data/liul/workarea/XIXI/fit/boost/2018/xixipp/v1/mdiy/mdiy30x.root
Finish
0   1
4   /data/liul/workarea/XIXI/fit/boost/2018/xixipp/v1/phsp/phsp30x.root phsp 2018  xixipp
/data/liul/workarea/XIXI/fit/boost/2018/xixipp/v1/phsp/phsp30x.root
Finish
0   1
5   /data/liul/workarea/XIXI/fit/boost/2018/xixipp/v1/bkg1/bkg30x.root bkg1 2018  xixipp
/data/liul/workarea/XIXI/fit/boost/2018/xixipp/v1/bkg1/bkg30x.root
Finish
N[0][0] : 73448
N[0][1] : 2354058
N[0][2] : 530890
N[0][3] : 69019
N[0][4] : 2201781
N[0][5] : 411328
out.txt
OK 11111111113
OK
OK 11111111111
OK 11111111111
 **********
 **    1 **SET PRINT           0
 **********
 **********
 **    2 **SET ERR         0.5
 **********
 PARAMETER DEFINITIONS:
    NO.   NAME         VALUE      STEP SIZE      LIMITS
     1 alpha_jpsi   5.86000e-01  1.00000e-03   -1.00000e+00  1.00000e+00
     2 dphi_jpsi    1.12100e+00  1.00000e-03   -3.14159e+00  3.14159e+00
OK 11111111111
     3 xi_alpha    -3.75600e-01  1.00000e-03   -1.00000e+00  0.00000e+00
     4 xi_phi       1.20000e-02  1.00000e-03   -3.14159e+00  3.14159e+00
