/data/liul/workarea/XIXI/Rec3/mdiyRecpm
/data/liul/workarea/XIXI/Bkg/mdiyRecpm
/data/liul/workarea/XIXI/Rec4/phspRecpm
/data/liul/workarea/XIXI/Rec3/mdiyRecpp
/data/liul/workarea/XIXI/Bkg/mdiyRecpp
/data/liul/workarea/XIXI/Rec4/phspRecpp
out.txt
OK 11111111111
Warning in <TClass::TClass>: no dictionary for class ROOT::TIOFeatures is available
/data/liul/workarea/XIXI/Rec3/mdiyRecpm2009.root, DATA, 2009, number : 4870
/data/liul/workarea/XIXI/Bkg/mdiyRecpm2009.root, BKG, 2009, number : 853
/data/liul/workarea/XIXI/Rec4/phspRecpm2009.root, PHSP, 2009, number : 129615
/data/liul/workarea/XIXI/Rec3/mdiyRecpp2009.root, DATA, 2009, number : 4478
/data/liul/workarea/XIXI/Bkg/mdiyRecpp2009.root, BKG, 2009, number : 667
/data/liul/workarea/XIXI/Rec4/phspRecpp2009.root, PHSP, 2009, number : 123983
/data/liul/workarea/XIXI/Rec3/mdiyRecpm2012.root, DATA, 2012, number : 26072
/data/liul/workarea/XIXI/Bkg/mdiyRecpm2012.root, BKG, 2012, number : 4526
/data/liul/workarea/XIXI/Rec4/phspRecpm2012.root, PHSP, 2012, number : 691344
/data/liul/workarea/XIXI/Rec3/mdiyRecpp2012.root, DATA, 2012, number : 23940
/data/liul/workarea/XIXI/Bkg/mdiyRecpp2012.root, BKG, 2012, number : 3574
/data/liul/workarea/XIXI/Rec4/phspRecpp2012.root, PHSP, 2012, number : 657824
N[0][0] : 4870
N[0][1] : 853
N[0][2] : 129615
N[0][3] : 4478
N[0][4] : 667
N[0][5] : 123983
N[1][0] : 26072
N[1][1] : 4526
N[1][2] : 691344
N[1][3] : 23940
N[1][4] : 3574
N[1][5] : 657824
OK 11111111113
OK
OK 11111111111
OK 11111111111
 **********
 **    1 **SET PRINT           0
 **********
 **********
 **    2 **SET ERR         0.5
 **********
 PARAMETER DEFINITIONS:
    NO.   NAME         VALUE      STEP SIZE      LIMITS
     1 alpha_jpsi   5.86000e-01  1.00000e-03   -1.00000e+00  1.00000e+00
     2 dphi_jpsi    1.12100e+00  1.00000e-03   -3.14159e+00  3.14159e+00
OK 11111111111
     3 xi_alpha    -3.75600e-01  1.00000e-03   -1.00000e+00  0.00000e+00
     4 xi_phi       1.20000e-02  1.00000e-03   -3.14159e+00  3.14159e+00
     5 xib_alpha    3.75600e-01  1.00000e-03    0.00000e+00  1.00000e+00
     6 xib_phi     -1.20000e-02  1.00000e-03   -3.14159e+00  3.14159e+00
     7 L1_alpha     6.92000e-01  1.00000e-03    0.00000e+00  1.00000e+00
     8 L2_alpha    -7.51000e-01  1.00000e-03   -1.00000e+00  0.00000e+00
     9 L3_alpha     7.51000e-01  1.00000e-03    1.00000e+00  0.00000e+00
 MINUIT WARNING IN PARAM DEF
 ============== PARAMETER LIMITS WERE REVERSED.
 PARAMETER DEFINITIONS:
    NO.   NAME         VALUE      STEP SIZE      LIMITS
    10 L4_alpha    -6.92000e-01  1.00000e-03   -1.00000e+00  0.00000e+00
OK 11111111113
OK 11111111114
 **********
 **    3 **MINI
 **********
Loglike: -3373.35
0.586 1.121 -0.3756 0.012 0.3756 -0.012 0.692 -0.751 0.751 -0.692 
Loglike: -3382.7
0.566824 1.2358 -0.373883 0.0614585 0.370589 0.0240561 0.67135 -0.738765 0.752211 -0.696572 
 MIGRAD MINIMIZATION HAS CONVERGED.
 MIGRAD WILL VERIFY CONVERGENCE AND ERROR MATRIX.
Loglike: -3382.71
0.567533 1.24254 -0.37433 0.0598665 0.370896 0.0224081 0.671428 -0.738543 0.751147 -0.696908 
 FCN=-3382.71 FROM MIGRAD    STATUS=CONVERGED     277 CALLS         278 TOTAL
                     EDM=3.59084e-06    STRATEGY= 1      ERROR MATRIX ACCURATE 
  EXT PARAMETER                                   STEP         FIRST   
  NO.   NAME      VALUE            ERROR          SIZE      DERIVATIVE 
   1  alpha_jpsi   5.67533e-01   1.53815e-02   6.89153e-04  -3.85355e-02
   2  dphi_jpsi    1.24254e+00   5.55604e-02   7.01593e-04   3.01608e-02
   3  xi_alpha    -3.74330e-01   9.06264e-03   7.12637e-04  -5.08652e-02
   4  xi_phi       5.98665e-02   2.57891e-02   3.29666e-04   1.05600e-01
   5  xib_alpha    3.70896e-01   9.05819e-03   7.12271e-04   1.60482e-04
   6  xib_phi      2.24081e-02   2.54945e-02   3.25338e-04   4.88697e-02
   7  L1_alpha     6.71428e-01   1.78582e-02   1.35813e-03  -2.19042e-02
   8  L2_alpha    -7.38543e-01   1.81900e-02   1.45991e-03   3.86540e-03
   9  L3_alpha     7.51787e-01   1.79840e-02   1.48123e-03   2.29608e-03
  10  L4_alpha    -6.96908e-01   1.80083e-02   1.40838e-03  -1.23237e-02
                               ERR DEF= 0.5
OK 11111111115
 **********
 **    4 **MINOS
 **********
Loglike: -3382.21
0.582914 1.2632 -0.374453 0.0597611 0.371229 0.0219442 0.670158 -0.736956 0.750111 -0.694829 
Loglike: -3382.24
0.573247 1.2981 -0.374254 0.0601816 0.371204 0.0225174 0.670135 -0.736337 0.749198 -0.695012 
Loglike: -3382.18
0.561527 1.18698 -0.374052 0.0594773 0.370231 0.0222711 0.672756 -0.740887 0.754499 -0.698862 
Loglike: -3382.21
0.567743 1.24419 -0.383392 0.0598721 0.370692 0.0221686 0.667117 -0.738754 0.747954 -0.697565 
Loglike: -3382.21
0.567594 1.24189 -0.374358 0.0340774 0.370833 0.021825 0.671097 -0.738799 0.751539 -0.697811 
Loglike: -3382.21
0.567827 1.24282 -0.374235 0.0604405 0.370969 0.0479027 0.671254 -0.737863 0.751887 -0.697243 
Loglike: -3382.21
0.568625 1.24656 -0.376859 0.0595277 0.370157 0.0226465 0.653569 -0.745361 0.750658 -0.697116 
Loglike: -3382.21
0.566179 1.23548 -0.374699 0.059445 0.368302 0.0226236 0.664668 -0.756733 0.751944 -0.698049 
Loglike: -3382.21
0.569304 1.24838 -0.373999 0.0602981 0.37243 0.0217784 0.671634 -0.738048 0.758388 -0.6789 
 FCN=-3382.71 FROM MINOS     STATUS=SUCCESSFUL    882 CALLS        1160 TOTAL
                     EDM=3.59084e-06    STRATEGY= 1      ERROR MATRIX ACCURATE 
  EXT PARAMETER                  PARABOLIC         MINOS ERRORS        
  NO.   NAME      VALUE            ERROR      NEGATIVE      POSITIVE   
   1  alpha_jpsi   5.67533e-01   1.53815e-02  -1.54338e-02   1.53352e-02
   2  dphi_jpsi    1.24254e+00   5.55604e-02  -5.39213e-02   5.73770e-02
   3  xi_alpha    -3.74330e-01   9.06264e-03  -9.06225e-03   9.06482e-03
   4  xi_phi       5.98665e-02   2.57891e-02  -2.58380e-02   2.57838e-02
   5  xib_alpha    3.70896e-01   9.05819e-03  -9.04818e-03   9.06859e-03
   6  xib_phi      2.24081e-02   2.54945e-02  -2.55023e-02   2.54936e-02
   7  L1_alpha     6.71428e-01   1.78582e-02  -1.78003e-02   1.79253e-02
   8  L2_alpha    -7.38543e-01   1.81900e-02  -1.82415e-02   1.81503e-02
   9  L3_alpha     7.51787e-01   1.79840e-02  -1.79472e-02   1.80356e-02
  10  L4_alpha    -6.96908e-01   1.80083e-02  -1.80374e-02   1.79920e-02
                               ERR DEF= 0.5
OK 11111111115
 EXTERNAL ERROR MATRIX.    NDIM=  25    NPAR= 10    ERR DEF=0.5
  2.366e-04  3.183e-04 -1.905e-06 -1.602e-06  5.124e-06 -7.129e-06 -1.952e-05  2.438e-05 -2.575e-05  3.193e-05 
  3.183e-04  3.087e-03 -1.497e-05  1.751e-05  1.709e-05  6.073e-06 -7.181e-05  1.224e-04 -1.436e-04  1.052e-04 
 -1.905e-06 -1.497e-05  8.214e-05 -5.102e-08  1.857e-06  2.171e-06  3.901e-05  7.715e-06  3.465e-05  5.960e-06 
 -1.602e-06  1.751e-05 -5.102e-08  6.651e-04  1.669e-06  1.499e-05  6.052e-06  7.257e-06  3.960e-06  7.775e-06 
  5.124e-06  1.709e-05  1.857e-06  1.669e-06  8.206e-05  8.867e-07  1.322e-05  4.608e-05  8.109e-07  2.762e-05 
 -7.129e-06  6.073e-06  2.171e-06  1.499e-05  8.867e-07  6.500e-04 -4.257e-06  1.464e-05  3.135e-06 -1.134e-05 
 -1.952e-05 -7.181e-05  3.901e-05  6.052e-06  1.322e-05 -4.257e-06  3.191e-04  1.223e-04  2.014e-05  3.711e-06 
  2.438e-05  1.224e-04  7.715e-06  7.257e-06  4.608e-05  1.464e-05  1.223e-04  3.311e-04 -2.256e-06  2.046e-05 
 -2.575e-05 -1.436e-04  3.465e-05  3.960e-06  8.109e-07  3.135e-06  2.014e-05 -2.256e-06  3.236e-04  1.195e-04 
  3.193e-05  1.052e-04  5.960e-06  7.775e-06  2.762e-05 -1.134e-05  3.711e-06  2.046e-05  1.195e-04  3.245e-04 
 PARAMETER  CORRELATION COEFFICIENTS  
       NO.  GLOBAL      1      2      3      4      5      6      7      8      9     10
        1  0.39567   1.000  0.372 -0.014 -0.004  0.037 -0.018 -0.071  0.087 -0.093  0.115
        2  0.42135   0.372  1.000 -0.030  0.012  0.034  0.004 -0.072  0.121 -0.144  0.105
        3  0.32006  -0.014 -0.030  1.000 -0.000  0.023  0.009  0.241  0.047  0.213  0.037
        4  0.03622  -0.004  0.012 -0.000  1.000  0.007  0.023  0.013  0.015  0.009  0.017
        5  0.32526   0.037  0.034  0.023  0.007  1.000  0.004  0.082  0.280  0.005  0.169
        6  0.06127  -0.018  0.004  0.009  0.023  0.004  1.000 -0.009  0.032  0.007 -0.025
        7  0.45755  -0.071 -0.072  0.241  0.013  0.082 -0.009  1.000  0.376  0.063  0.012
        8  0.47923   0.087  0.121  0.047  0.015  0.280  0.032  0.376  1.000 -0.007  0.062
        9  0.46452  -0.093 -0.144  0.213  0.009  0.005  0.007  0.063 -0.007  1.000  0.369
       10  0.44679   0.115  0.105  0.037  0.017  0.169 -0.025  0.012  0.062  0.369  1.000
OK 11111111115
out.txt
OK 11111111111
/data/liul/workarea/XIXI/Rec3/mdiyRecpm2009.root, DATA, 2009, number : 4870
/data/liul/workarea/XIXI/Bkg/mdiyRecpm2009.root, BKG, 2009, number : 853
/data/liul/workarea/XIXI/Rec3/mdiyRecpp2009.root, DATA, 2009, number : 4478
/data/liul/workarea/XIXI/Bkg/mdiyRecpp2009.root, BKG, 2009, number : 667
/data/liul/workarea/XIXI/Rec3/mdiyRecpm2012.root, DATA, 2012, number : 26072
/data/liul/workarea/XIXI/Bkg/mdiyRecpm2012.root, BKG, 2012, number : 4526
/data/liul/workarea/XIXI/Rec3/mdiyRecpp2012.root, DATA, 2012, number : 23940
/data/liul/workarea/XIXI/Bkg/mdiyRecpp2012.root, BKG, 2012, number : 3574
N[0][0] : 4870
N[0][1] : 853
N[0][2] : 129615
N[0][3] : 4478
N[0][4] : 667
N[0][5] : 123983
N[1][0] : 26072
N[1][1] : 4526
N[1][2] : 691344
N[1][3] : 23940
N[1][4] : 3574
N[1][5] : 657824
OK 11111111113
OK
OK 11111111111
OK 11111111111
 **********
 **    1 **SET PRINT           0
 **********
 **********
 **    2 **SET ERR         0.5
 **********
 PARAMETER DEFINITIONS:
    NO.   NAME         VALUE      STEP SIZE      LIMITS
     1 alpha_jpsi   5.86000e-01  1.00000e-03   -1.00000e+00  1.00000e+00
     2 dphi_jpsi    1.12100e+00  1.00000e-03   -3.14159e+00  3.14159e+00
OK 11111111111
     3 xi_alpha    -3.75600e-01  1.00000e-03   -1.00000e+00  0.00000e+00
     4 xi_phi       1.20000e-02  1.00000e-03   -3.14159e+00  3.14159e+00
     5 xib_alpha    3.75600e-01  1.00000e-03    0.00000e+00  1.00000e+00
     6 xib_phi     -1.20000e-02  1.00000e-03   -3.14159e+00  3.14159e+00
     7 L1_alpha     6.92000e-01  1.00000e-03    0.00000e+00  1.00000e+00
     8 L2_alpha    -7.51000e-01  1.00000e-03   -1.00000e+00  0.00000e+00
     9 L3_alpha     7.51000e-01  1.00000e-03    1.00000e+00  0.00000e+00
 MINUIT WARNING IN PARAM DEF
 ============== PARAMETER LIMITS WERE REVERSED.
 PARAMETER DEFINITIONS:
    NO.   NAME         VALUE      STEP SIZE      LIMITS
    10 L4_alpha    -6.92000e-01  1.00000e-03   -1.00000e+00  0.00000e+00
OK 11111111113
OK 11111111114
 **********
 **    3 **MINI
 **********
Loglike: -3245.44
0.586 1.121 -0.3756 0.012 0.3756 -0.012 0.692 -0.751 0.751 -0.692393 
Loglike: -3251.58
0.586933 1.19044 -0.358148 -0.0139744 0.371249 -0.0352172 0.710875 -0.75652 0.723516 -0.709778 
 MIGRAD MINIMIZATION HAS CONVERGED.
 MIGRAD WILL VERIFY CONVERGENCE AND ERROR MATRIX.
Loglike: -3251.58
0.587068 1.19077 -0.358155 -0.0140035 0.37125 -0.0344553 0.710858 -0.756546 0.723546 -0.709658 
 FCN=-3251.58 FROM MIGRAD    STATUS=CONVERGED     297 CALLS         298 TOTAL
                     EDM=1.79948e-06    STRATEGY= 1      ERROR MATRIX ACCURATE 
  EXT PARAMETER                                   STEP         FIRST   
  NO.   NAME      VALUE            ERROR          SIZE      DERIVATIVE 
   1  alpha_jpsi   5.87068e-01   1.58003e-02   6.88041e-04   1.29171e-03
   2  dphi_jpsi    1.19077e+00   5.84285e-02   6.98167e-04  -4.53461e-02
   3  xi_alpha    -3.58155e-01   8.93175e-03   7.05447e-04  -2.38504e-02
   4  xi_phi      -1.40035e-02   2.43111e-02   3.03950e-04  -2.88992e-02
   5  xib_alpha    3.71250e-01   8.87251e-03   6.87287e-04   1.37148e-02
   6  xib_phi     -3.42600e-02   2.48897e-02   3.10883e-04  -4.46341e-02
   7  L1_alpha     7.10858e-01   1.77345e-02   1.37116e-03   1.02626e-03
   8  L2_alpha    -7.56546e-01   1.76227e-02   1.41546e-03  -7.09247e-03
   9  L3_alpha     7.23546e-01   1.83601e-02   1.43883e-03  -1.59698e-02
  10  L4_alpha    -7.09658e-01   1.85672e-02   1.43137e-03  -1.55514e-03
                               ERR DEF= 0.5
OK 11111111115
 **********
 **    4 **MINOS
 **********
Loglike: -3251.08
0.571268 1.16568 -0.357986 -0.0137076 0.370991 -0.034962 0.712008 -0.758396 0.725103 -0.711793 
Loglike: -3251.08
0.59381 1.25182 -0.358447 -0.0137238 0.371622 -0.0337049 0.709378 -0.75405 0.721213 -0.707636 
Loglike: -3251.08
0.587369 1.19097 -0.349223 -0.0140269 0.371295 -0.0335538 0.714169 -0.756179 0.72692 -0.709188 
Loglike: -3251.08
0.586862 1.19148 -0.358193 0.0103077 0.371365 -0.0329046 0.711501 -0.756056 0.723206 -0.709575 
Loglike: -3251.07
0.586608 1.1883 -0.358201 -0.0143147 0.362377 -0.0333997 0.709962 -0.760744 0.723085 -0.713403 
Loglike: -3251.08
0.586611 1.18955 -0.358057 -0.015303 0.371243 -0.0591497 0.711264 -0.757472 0.72319 -0.709139 
Loglike: -3251.07
0.588717 1.19899 -0.357925 -0.0133637 0.373298 -0.0336509 0.717674 -0.738923 0.7234 -0.708483 
Loglike: -3251.07
0.588408 1.19841 -0.359463 -0.0136551 0.371027 -0.0347188 0.710011 -0.756376 0.705186 -0.716584 
Loglike: -3251.08
0.585238 1.18432 -0.35834 -0.0140508 0.369054 -0.0337312 0.710795 -0.757725 0.716614 -0.728225 
 FCN=-3251.58 FROM MINOS     STATUS=SUCCESSFUL    851 CALLS        1149 TOTAL
                     EDM=1.79948e-06    STRATEGY= 1      ERROR MATRIX ACCURATE 
  EXT PARAMETER                  PARABOLIC         MINOS ERRORS        
  NO.   NAME      VALUE            ERROR      NEGATIVE      POSITIVE   
   1  alpha_jpsi   5.87068e-01   1.58003e-02  -1.58513e-02   1.57597e-02
   2  dphi_jpsi    1.19077e+00   5.84285e-02  -5.61794e-02   6.11721e-02
   3  xi_alpha    -3.58155e-01   8.93175e-03  -8.93617e-03   8.92928e-03
   4  xi_phi      -1.40035e-02   2.43111e-02  -2.42979e-02   2.43214e-02
   5  xib_alpha    3.71250e-01   8.87251e-03  -8.86541e-03   8.88006e-03
   6  xib_phi     -3.42600e-02   2.48897e-02  -2.48830e-02   2.48956e-02
   7  L1_alpha     7.10858e-01   1.77345e-02  -1.76987e-02   1.77799e-02
   8  L2_alpha    -7.56546e-01   1.76227e-02  -1.76716e-02   1.75871e-02
   9  L3_alpha     7.23546e-01   1.83601e-02  -1.83121e-02   1.84216e-02
  10  L4_alpha    -7.09658e-01   1.85672e-02  -1.86121e-02   1.85360e-02
                               ERR DEF= 0.5
OK 11111111115
 EXTERNAL ERROR MATRIX.    NDIM=  25    NPAR= 10    ERR DEF=0.5
  2.497e-04  3.957e-04  2.682e-06 -4.676e-06  4.082e-06  1.109e-05 -1.818e-05  2.928e-05 -2.462e-05  3.377e-05 
  3.957e-04  3.414e-03  1.814e-06  1.582e-05  2.192e-05  3.147e-05 -8.661e-05  1.478e-04 -1.405e-04  1.165e-04 
  2.682e-06  1.814e-06  7.979e-05 -2.090e-07  4.066e-07 -2.410e-06  2.962e-05  3.269e-06  3.020e-05  4.198e-06 
 -4.676e-06  1.582e-05 -2.090e-07  5.910e-04  2.761e-06  3.290e-05  3.067e-06  1.118e-05 -6.398e-06  1.001e-06 
  4.082e-06  2.192e-05  4.066e-07  2.761e-06  7.873e-05  1.062e-06  7.950e-06  3.737e-05  4.085e-06  3.329e-05 
  1.109e-05  3.147e-05 -2.410e-06  3.290e-05  1.062e-06  6.195e-04 -1.101e-05  1.036e-05  8.426e-06 -1.003e-05 
 -1.818e-05 -8.661e-05  2.962e-05  3.067e-06  7.950e-06 -1.101e-05  3.147e-04  1.214e-04  1.556e-05  1.340e-06 
  2.928e-05  1.478e-04  3.269e-06  1.118e-05  3.737e-05  1.036e-05  1.214e-04  3.107e-04 -3.110e-06  2.121e-05 
 -2.462e-05 -1.405e-04  3.020e-05 -6.398e-06  4.085e-06  8.426e-06  1.556e-05 -3.110e-06  3.373e-04  1.277e-04 
  3.377e-05  1.165e-04  4.198e-06  1.001e-06  3.329e-05 -1.003e-05  1.340e-06  2.121e-05  1.277e-04  3.449e-04 
 PARAMETER  CORRELATION COEFFICIENTS  
       NO.  GLOBAL      1      2      3      4      5      6      7      8      9     10
        1  0.44578   1.000  0.429  0.019 -0.012  0.029  0.028 -0.065  0.105 -0.085  0.115
        2  0.47226   0.429  1.000  0.003  0.011  0.042  0.022 -0.084  0.143 -0.131  0.107
        3  0.27452   0.019  0.003  1.000 -0.001  0.005 -0.011  0.187  0.021  0.184  0.025
        4  0.06643  -0.012  0.011 -0.001  1.000  0.013  0.054  0.007  0.026 -0.014  0.002
        5  0.31122   0.029  0.042  0.005  0.013  1.000  0.005  0.051  0.239  0.025  0.202
        6  0.08740   0.028  0.022 -0.011  0.054  0.005  1.000 -0.025  0.024  0.018 -0.022
        7  0.45617  -0.065 -0.084  0.187  0.007  0.051 -0.025  1.000  0.388  0.048  0.004
        8  0.48394   0.105  0.143  0.021  0.026  0.239  0.024  0.388  1.000 -0.010  0.065
        9  0.45630  -0.085 -0.131  0.184 -0.014  0.025  0.018  0.048 -0.010  1.000  0.374
       10  0.45915   0.115  0.107  0.025  0.002  0.202 -0.022  0.004  0.065  0.374  1.000
OK 11111111115
out.txt
OK 11111111111
/data/liul/workarea/XIXI/Rec3/mdiyRecpm2009.root, DATA, 2009, number : 4870
/data/liul/workarea/XIXI/Bkg/mdiyRecpm2009.root, BKG, 2009, number : 853
/data/liul/workarea/XIXI/Rec3/mdiyRecpp2009.root, DATA, 2009, number : 4478
/data/liul/workarea/XIXI/Bkg/mdiyRecpp2009.root, BKG, 2009, number : 667
/data/liul/workarea/XIXI/Rec3/mdiyRecpm2012.root, DATA, 2012, number : 26072
/data/liul/workarea/XIXI/Bkg/mdiyRecpm2012.root, BKG, 2012, number : 4526
/data/liul/workarea/XIXI/Rec3/mdiyRecpp2012.root, DATA, 2012, number : 23940
/data/liul/workarea/XIXI/Bkg/mdiyRecpp2012.root, BKG, 2012, number : 3574
N[0][0] : 4870
N[0][1] : 853
N[0][2] : 129615
N[0][3] : 4478
N[0][4] : 667
N[0][5] : 123983
N[1][0] : 26072
N[1][1] : 4526
N[1][2] : 691344
N[1][3] : 23940
N[1][4] : 3574
N[1][5] : 657824
OK 11111111113
OK
OK 11111111111
OK 11111111111
 **********
 **    1 **SET PRINT           0
 **********
 **********
 **    2 **SET ERR         0.5
 **********
 PARAMETER DEFINITIONS:
    NO.   NAME         VALUE      STEP SIZE      LIMITS
     1 alpha_jpsi   5.86000e-01  1.00000e-03   -1.00000e+00  1.00000e+00
     2 dphi_jpsi    1.12100e+00  1.00000e-03   -3.14159e+00  3.14159e+00
OK 11111111111
     3 xi_alpha    -3.75600e-01  1.00000e-03   -1.00000e+00  0.00000e+00
     4 xi_phi       1.20000e-02  1.00000e-03   -3.14159e+00  3.14159e+00
     5 xib_alpha    3.75600e-01  1.00000e-03    0.00000e+00  1.00000e+00
     6 xib_phi     -1.20000e-02  1.00000e-03   -3.14159e+00  3.14159e+00
     7 L1_alpha     6.92000e-01  1.00000e-03    0.00000e+00  1.00000e+00
     8 L2_alpha    -7.51000e-01  1.00000e-03   -1.00000e+00  0.00000e+00
     9 L3_alpha     7.51000e-01  1.00000e-03    1.00000e+00  0.00000e+00
 MINUIT WARNING IN PARAM DEF
 ============== PARAMETER LIMITS WERE REVERSED.
 PARAMETER DEFINITIONS:
    NO.   NAME         VALUE      STEP SIZE      LIMITS
    10 L4_alpha    -6.92000e-01  1.00000e-03   -1.00000e+00  0.00000e+00
OK 11111111113
OK 11111111114
 **********
 **    3 **MINI
 **********
Loglike: -3339.57
0.607809 1.2093 -0.363656 -0.0428446 0.388966 -0.0756821 0.677809 -0.757701 0.734348 -0.679517 
 MIGRAD MINIMIZATION HAS CONVERGED.
 MIGRAD WILL VERIFY CONVERGENCE AND ERROR MATRIX.
Loglike: -3339.58
0.608637 1.21361 -0.363259 -0.0414166 0.389659 -0.0745319 0.678395 -0.757818 0.733093 -0.679377 
 FCN=-3339.58 FROM MIGRAD    STATUS=CONVERGED     265 CALLS         266 TOTAL
                     EDM=1.70225e-06    STRATEGY= 1      ERROR MATRIX ACCURATE 
  EXT PARAMETER                                   STEP         FIRST   
  NO.   NAME      VALUE            ERROR          SIZE      DERIVATIVE 
   1  alpha_jpsi   6.08637e-01   1.58212e-02   7.12139e-04   2.13609e-02
   2  dphi_jpsi    1.21361e+00   6.08852e-02   7.39800e-04   2.32350e-02
   3  xi_alpha    -3.63259e-01   9.01601e-03   7.16362e-04   2.66456e-02
   4  xi_phi      -4.14166e-02   2.52776e-02   3.20511e-04   1.33815e-02
   5  xib_alpha    3.89659e-01   8.95285e-03   6.96446e-04   1.04676e-02
   6  xib_phi     -7.45319e-02   2.55815e-02   3.24323e-04   9.90728e-03
   7  L1_alpha     6.78395e-01   1.74630e-02   1.33073e-03  -1.87209e-02
   8  L2_alpha    -7.57818e-01   1.76869e-02   1.44826e-03  -2.85057e-03
   9  L3_alpha     7.33093e-01   1.81500e-02   1.46217e-03   1.69510e-02
  10  L4_alpha    -6.80016e-01   1.77119e-02   1.36885e-03  -9.53514e-03
                               ERR DEF= 0.5
OK 11111111115
 **********
 **    4 **MINOS
 **********
Loglike: -3339.07
0.624458 1.23989 -0.363137 -0.0410549 0.389825 -0.0747407 0.676466 -0.75623 0.731231 -0.678509 
Loglike: -3339.08
0.592816 1.1878 -0.363041 -0.0417688 0.389484 -0.0743262 0.680316 -0.759418 0.734308 -0.681526 
Loglike: -3339.08
0.614723 1.27698 -0.363485 -0.041498 0.389905 -0.0752587 0.676903 -0.755568 0.730462 -0.678282 
Loglike: -3339.08
0.608249 1.21213 -0.354243 -0.0416439 0.390052 -0.0735944 0.681443 -0.757755 0.737132 -0.679245 
Loglike: -3339.08
0.608841 1.21336 -0.363379 -0.016139 0.389722 -0.0745775 0.677935 -0.757756 0.732898 -0.680296 
Loglike: -3339.08
0.608336 1.21189 -0.363313 -0.0415955 0.380706 -0.0744252 0.676744 -0.762123 0.733036 -0.683366 
Loglike: -3339.08
0.608742 1.21528 -0.363595 -0.042406 0.389734 -0.100113 0.677873 -0.757718 0.733238 -0.679984 
Loglike: -3339.08
0.610033 1.22125 -0.36319 -0.041365 0.39177 -0.0745335 0.685008 -0.740131 0.732788 -0.678987 
Loglike: -3339.08
0.610263 1.22258 -0.364928 -0.0412919 0.389631 -0.0751734 0.677439 -0.757504 0.714943 -0.686174 
Loglike: -3339.08
0.60726 1.20728 -0.363627 -0.0409839 0.387556 -0.074622 0.678284 -0.758914 0.726678 -0.697728 
 FCN=-3339.58 FROM MINOS     STATUS=SUCCESSFUL    934 CALLS        1200 TOTAL
                     EDM=1.70225e-06    STRATEGY= 1      ERROR MATRIX ACCURATE 
  EXT PARAMETER                  PARABOLIC         MINOS ERRORS        
  NO.   NAME      VALUE            ERROR      NEGATIVE      POSITIVE   
   1  alpha_jpsi   6.08637e-01   1.58212e-02  -1.59091e-02   1.57353e-02
   2  dphi_jpsi    1.21361e+00   6.08852e-02  -5.85423e-02   6.34787e-02
   3  xi_alpha    -3.63259e-01   9.01601e-03  -9.02945e-03   9.00447e-03
   4  xi_phi      -4.14166e-02   2.52776e-02  -2.52764e-02   2.52838e-02
   5  xib_alpha    3.89659e-01   8.95285e-03  -8.94625e-03   8.96005e-03
   6  xib_phi     -7.45319e-02   2.55815e-02  -2.55738e-02   2.55535e-02
   7  L1_alpha     6.78395e-01   1.74630e-02  -1.74197e-02   1.75134e-02
   8  L2_alpha    -7.57818e-01   1.76869e-02  -1.77358e-02   1.76498e-02
   9  L3_alpha     7.33093e-01   1.81500e-02  -1.81241e-02   1.81887e-02
  10  L4_alpha    -6.80016e-01   1.77119e-02  -1.77504e-02   1.76855e-02
                               ERR DEF= 0.5
OK 11111111115
 EXTERNAL ERROR MATRIX.    NDIM=  25    NPAR= 10    ERR DEF=0.5
  2.503e-04  4.129e-04 -3.495e-06  5.651e-06  2.696e-06 -3.308e-06 -3.053e-05  2.519e-05 -2.955e-05  2.385e-05 
  4.129e-04  3.708e-03 -1.334e-05 -6.148e-06  1.542e-05 -4.279e-05 -9.320e-05  1.403e-04 -1.631e-04  1.077e-04 
 -3.495e-06 -1.334e-05  8.130e-05 -2.050e-06  4.814e-07  8.453e-06  2.752e-05  5.702e-07  3.651e-05  6.950e-06 
  5.651e-06 -6.148e-06 -2.050e-06  6.390e-04  1.601e-06  2.501e-05 -9.500e-06  9.073e-07 -2.264e-06 -7.837e-06 
  2.696e-06  1.542e-05  4.814e-07  1.601e-06  8.016e-05 -9.551e-07  9.201e-06  3.866e-05  5.042e-07  3.004e-05 
 -3.308e-06 -4.279e-05  8.453e-06  2.501e-05 -9.551e-07  6.544e-04  1.293e-05  9.092e-08  1.165e-05  1.818e-06 
 -3.053e-05 -9.320e-05  2.752e-05 -9.500e-06  9.201e-06  1.293e-05  3.051e-04  1.180e-04  1.735e-05  2.253e-06 
  2.519e-05  1.403e-04  5.702e-07  9.073e-07  3.866e-05  9.092e-08  1.180e-04  3.130e-04 -5.696e-06  1.874e-05 
 -2.955e-05 -1.631e-04  3.651e-05 -2.264e-06  5.042e-07  1.165e-05  1.735e-05 -5.696e-06  3.296e-04  1.121e-04 
  2.385e-05  1.077e-04  6.950e-06 -7.837e-06  3.004e-05  1.818e-06  2.253e-06  1.874e-05  1.121e-04  3.139e-04 
 PARAMETER  CORRELATION COEFFICIENTS  
       NO.  GLOBAL      1      2      3      4      5      6      7      8      9     10
        1  0.44633   1.000  0.429 -0.025  0.014  0.019 -0.008 -0.110  0.090 -0.103  0.085
        2  0.47014   0.429  1.000 -0.024 -0.004  0.028 -0.027 -0.088  0.130 -0.147  0.100
        3  0.28868  -0.025 -0.024  1.000 -0.009  0.006  0.037  0.175  0.004  0.223  0.044
        4  0.05362   0.014 -0.004 -0.009  1.000  0.007  0.039 -0.022  0.002 -0.005 -0.017
        5  0.31054   0.019  0.028  0.006  0.007  1.000 -0.004  0.059  0.244  0.003  0.189
        6  0.06562  -0.008 -0.027  0.037  0.039 -0.004  1.000  0.029  0.000  0.025  0.004
        7  0.45246  -0.110 -0.088  0.175 -0.022  0.059  0.029  1.000  0.382  0.055  0.007
        8  0.47763   0.090  0.130  0.004  0.002  0.244  0.000  0.382  1.000 -0.018  0.060
        9  0.45107  -0.103 -0.147  0.223 -0.005  0.003  0.025  0.055 -0.018  1.000  0.348
       10  0.42913   0.085  0.100  0.044 -0.017  0.189  0.004  0.007  0.060  0.348  1.000
OK 11111111115
out.txt
OK 11111111111
/data/liul/workarea/XIXI/Rec3/mdiyRecpm2009.root, DATA, 2009, number : 4870
/data/liul/workarea/XIXI/Bkg/mdiyRecpm2009.root, BKG, 2009, number : 853
/data/liul/workarea/XIXI/Rec3/mdiyRecpp2009.root, DATA, 2009, number : 4478
/data/liul/workarea/XIXI/Bkg/mdiyRecpp2009.root, BKG, 2009, number : 667
/data/liul/workarea/XIXI/Rec3/mdiyRecpm2012.root, DATA, 2012, number : 26072
/data/liul/workarea/XIXI/Bkg/mdiyRecpm2012.root, BKG, 2012, number : 4526
/data/liul/workarea/XIXI/Rec3/mdiyRecpp2012.root, DATA, 2012, number : 23940
/data/liul/workarea/XIXI/Bkg/mdiyRecpp2012.root, BKG, 2012, number : 3574
N[0][0] : 4870
N[0][1] : 853
N[0][2] : 129615
N[0][3] : 4478
N[0][4] : 667
N[0][5] : 123983
N[1][0] : 26072
N[1][1] : 4526
N[1][2] : 691344
N[1][3] : 23940
N[1][4] : 3574
N[1][5] : 657824
OK 11111111113
OK
OK 11111111111
OK 11111111111
 **********
 **    1 **SET PRINT           0
 **********
 **********
 **    2 **SET ERR         0.5
 **********
 PARAMETER DEFINITIONS:
    NO.   NAME         VALUE      STEP SIZE      LIMITS
     1 alpha_jpsi   5.86000e-01  1.00000e-03   -1.00000e+00  1.00000e+00
     2 dphi_jpsi    1.12100e+00  1.00000e-03   -3.14159e+00  3.14159e+00
OK 11111111111
     3 xi_alpha    -3.75600e-01  1.00000e-03   -1.00000e+00  0.00000e+00
     4 xi_phi       1.20000e-02  1.00000e-03   -3.14159e+00  3.14159e+00
     5 xib_alpha    3.75600e-01  1.00000e-03    0.00000e+00  1.00000e+00
     6 xib_phi     -1.20000e-02  1.00000e-03   -3.14159e+00  3.14159e+00
     7 L1_alpha     6.92000e-01  1.00000e-03    0.00000e+00  1.00000e+00
     8 L2_alpha    -7.51000e-01  1.00000e-03   -1.00000e+00  0.00000e+00
     9 L3_alpha     7.51000e-01  1.00000e-03    1.00000e+00  0.00000e+00
 MINUIT WARNING IN PARAM DEF
 ============== PARAMETER LIMITS WERE REVERSED.
 PARAMETER DEFINITIONS:
    NO.   NAME         VALUE      STEP SIZE      LIMITS
    10 L4_alpha    -6.92000e-01  1.00000e-03   -1.00000e+00  0.00000e+00
OK 11111111113
OK 11111111114
 **********
 **    3 **MINI
 **********
Loglike: -3168.03
0.607886 1.2001 -0.365683 0.079964 0.364731 0.00329078 0.687235 -0.737099 0.717746 -0.689555 
 MIGRAD MINIMIZATION HAS CONVERGED.
 MIGRAD WILL VERIFY CONVERGENCE AND ERROR MATRIX.
Loglike: -3168.05
0.608934 1.20437 -0.366493 0.0788974 0.365045 0.00368245 0.686705 -0.7382 0.716547 -0.688455 
 FCN=-3168.05 FROM MIGRAD    STATUS=CONVERGED     270 CALLS         271 TOTAL
                     EDM=5.81634e-07    STRATEGY= 1      ERROR MATRIX ACCURATE 
  EXT PARAMETER                                   STEP         FIRST   
  NO.   NAME      VALUE            ERROR          SIZE      DERIVATIVE 
   1  alpha_jpsi   6.08934e-01   1.56784e-02   6.97499e-04  -6.97581e-03
   2  dphi_jpsi    1.20437e+00   5.80107e-02   6.98429e-04  -2.99772e-03
   3  xi_alpha    -3.66493e-01   9.17264e-03   7.01326e-04  -6.04000e-03
   4  xi_phi       7.88974e-02   2.55160e-02   3.15834e-04   3.64069e-02
   5  xib_alpha    3.65045e-01   9.07037e-03   6.93165e-04   2.07746e-02
   6  xib_phi      3.68245e-03   2.58144e-02   3.19231e-04  -4.37166e-02
   7  L1_alpha     6.87324e-01   1.80474e-02   1.33572e-03  -7.74528e-03
   8  L2_alpha    -7.38200e-01   1.80294e-02   1.39679e-03   2.51883e-03
   9  L3_alpha     7.16547e-01   1.84111e-02   1.39922e-03  -4.40149e-03
  10  L4_alpha    -6.88455e-01   1.85383e-02   1.38457e-03   6.89972e-03
                               ERR DEF= 0.5
OK 11111111115
 **********
 **    4 **MINOS
 **********
Loglike: -3167.54
0.624612 1.22781 -0.366801 0.0785603 0.365163 0.0032615 0.685404 -0.736895 0.714953 -0.687066 
Loglike: -3167.55
0.614943 1.26434 -0.366981 0.0789358 0.365177 0.00341259 0.685495 -0.736519 0.714746 -0.686756 
Loglike: -3167.55
0.602574 1.14839 -0.366345 0.0788059 0.36487 0.00498956 0.689218 -0.740059 0.718466 -0.690275 
Loglike: -3167.55
0.608735 1.20452 -0.366368 0.104413 0.365041 0.00382462 0.688084 -0.737892 0.716632 -0.688668 
Loglike: -3167.55
0.609133 1.20527 -0.366118 0.0788775 0.374115 0.00360097 0.688784 -0.733486 0.716731 -0.684739 
Loglike: -3167.55
0.609196 1.20502 -0.366614 0.0787568 0.365076 -0.0221319 0.68749 -0.738109 0.716109 -0.689218 
Loglike: -3167.54
0.61007 1.20813 -0.36603 0.0793322 0.367404 0.00355313 0.69444 -0.72017 0.716739 -0.687268 
Loglike: -3167.55
0.607565 1.19815 -0.364218 0.0790149 0.365752 0.00430447 0.688568 -0.738033 0.734958 -0.681133 
Loglike: -3167.55
0.607761 1.19875 -0.367069 0.0791915 0.363247 0.00351135 0.686422 -0.739352 0.709309 -0.706993 
 FCN=-3168.05 FROM MINOS     STATUS=SUCCESSFUL    844 CALLS        1115 TOTAL
                     EDM=5.81634e-07    STRATEGY= 1      ERROR MATRIX ACCURATE 
  EXT PARAMETER                  PARABOLIC         MINOS ERRORS        
  NO.   NAME      VALUE            ERROR      NEGATIVE      POSITIVE   
   1  alpha_jpsi   6.08934e-01   1.56784e-02  -1.57485e-02   1.56050e-02
   2  dphi_jpsi    1.20437e+00   5.80107e-02  -5.60454e-02   6.00459e-02
   3  xi_alpha    -3.66493e-01   9.17264e-03  -9.17993e-03   9.16699e-03
   4  xi_phi       7.88974e-02   2.55160e-02  -2.55387e-02   2.55197e-02
   5  xib_alpha    3.65045e-01   9.07037e-03  -9.06571e-03   9.07550e-03
   6  xib_phi      3.68245e-03   2.58144e-02  -2.58075e-02   2.58266e-02
   7  L1_alpha     6.87324e-01   1.80474e-02  -1.80018e-02   1.81018e-02
   8  L2_alpha    -7.38200e-01   1.80294e-02  -1.80844e-02   1.79855e-02
   9  L3_alpha     7.16547e-01   1.84111e-02  -1.83650e-02   1.84697e-02
  10  L4_alpha    -6.88455e-01   1.85383e-02  -1.85947e-02   1.84946e-02
                               ERR DEF= 0.5
OK 11111111115
 EXTERNAL ERROR MATRIX.    NDIM=  25    NPAR= 10    ERR DEF=0.5
  2.458e-04  3.664e-04 -4.851e-06 -5.064e-06  1.965e-06 -6.779e-06 -3.005e-05  2.051e-05 -2.505e-05  2.173e-05 
  3.664e-04  3.366e-03 -8.862e-06  3.851e-06  9.033e-06 -1.697e-05 -1.106e-04  1.047e-04 -1.105e-04  1.040e-04 
 -4.851e-06 -8.862e-06  8.415e-05  3.192e-06  3.397e-06  3.119e-06  3.552e-05  8.354e-06  4.055e-05  1.068e-05 
 -5.064e-06  3.851e-06  3.192e-06  6.511e-04 -9.464e-08  3.628e-06  3.723e-06  7.842e-06  2.159e-06 -5.455e-06 
  1.965e-06  9.033e-06  3.397e-06 -9.464e-08  8.228e-05 -7.985e-07  1.363e-05  4.252e-05  7.753e-06  3.336e-05 
 -6.779e-06 -1.697e-05  3.119e-06  3.628e-06 -7.985e-07  6.664e-04 -4.274e-06 -2.332e-06  1.131e-05  3.173e-06 
 -3.005e-05 -1.106e-04  3.552e-05  3.723e-06  1.363e-05 -4.274e-06  3.259e-04  1.287e-04  2.229e-05  5.237e-06 
  2.051e-05  1.047e-04  8.354e-06  7.842e-06  4.252e-05 -2.332e-06  1.287e-04  3.252e-04  3.460e-06  2.139e-05 
 -2.505e-05 -1.105e-04  4.055e-05  2.159e-06  7.753e-06  1.131e-05  2.229e-05  3.460e-06  3.392e-04  1.337e-04 
  2.173e-05  1.040e-04  1.068e-05 -5.455e-06  3.336e-05  3.173e-06  5.237e-06  2.139e-05  1.337e-04  3.439e-04 
 PARAMETER  CORRELATION COEFFICIENTS  
       NO.  GLOBAL      1      2      3      4      5      6      7      8      9     10
        1  0.41936   1.000  0.403 -0.034 -0.013  0.014 -0.017 -0.106  0.073 -0.087  0.075
        2  0.43910   0.403  1.000 -0.017  0.003  0.017 -0.011 -0.106  0.100 -0.103  0.097
        3  0.31892  -0.034 -0.017  1.000  0.014  0.041  0.013  0.215  0.050  0.240  0.063
        4  0.03068  -0.013  0.003  0.014  1.000 -0.000  0.006  0.008  0.017  0.005 -0.012
        5  0.32268   0.014  0.017  0.041 -0.000  1.000 -0.003  0.083  0.260  0.046  0.198
        6  0.03325  -0.017 -0.011  0.013  0.006 -0.003  1.000 -0.009 -0.005  0.024  0.007
        7  0.47049  -0.106 -0.106  0.215  0.008  0.083 -0.009  1.000  0.395  0.067  0.016
        8  0.48219   0.073  0.100  0.050  0.017  0.260 -0.005  0.395  1.000  0.010  0.064
        9  0.47313  -0.087 -0.103  0.240  0.005  0.046  0.024  0.067  0.010  1.000  0.392
       10  0.45679   0.075  0.097  0.063 -0.012  0.198  0.007  0.016  0.064  0.392  1.000
OK 11111111115
out.txt
OK 11111111111
/data/liul/workarea/XIXI/Rec3/mdiyRecpm2009.root, DATA, 2009, number : 4870
/data/liul/workarea/XIXI/Bkg/mdiyRecpm2009.root, BKG, 2009, number : 853
/data/liul/workarea/XIXI/Rec3/mdiyRecpp2009.root, DATA, 2009, number : 4478
/data/liul/workarea/XIXI/Bkg/mdiyRecpp2009.root, BKG, 2009, number : 667
/data/liul/workarea/XIXI/Rec3/mdiyRecpm2012.root, DATA, 2012, number : 26072
/data/liul/workarea/XIXI/Bkg/mdiyRecpm2012.root, BKG, 2012, number : 4526
/data/liul/workarea/XIXI/Rec3/mdiyRecpp2012.root, DATA, 2012, number : 23940
/data/liul/workarea/XIXI/Bkg/mdiyRecpp2012.root, BKG, 2012, number : 3574
N[0][0] : 4870
N[0][1] : 853
N[0][2] : 129615
N[0][3] : 4478
N[0][4] : 667
N[0][5] : 123983
N[1][0] : 26072
N[1][1] : 4526
N[1][2] : 691344
N[1][3] : 23940
N[1][4] : 3574
N[1][5] : 657824
OK 11111111113
OK
OK 11111111111
OK 11111111111
 **********
 **    1 **SET PRINT           0
 **********
 **********
 **    2 **SET ERR         0.5
 **********
 PARAMETER DEFINITIONS:
    NO.   NAME         VALUE      STEP SIZE      LIMITS
     1 alpha_jpsi   5.86000e-01  1.00000e-03   -1.00000e+00  1.00000e+00
     2 dphi_jpsi    1.12100e+00  1.00000e-03   -3.14159e+00  3.14159e+00
OK 11111111111
     3 xi_alpha    -3.75600e-01  1.00000e-03   -1.00000e+00  0.00000e+00
     4 xi_phi       1.20000e-02  1.00000e-03   -3.14159e+00  3.14159e+00
     5 xib_alpha    3.75600e-01  1.00000e-03    0.00000e+00  1.00000e+00
     6 xib_phi     -1.20000e-02  1.00000e-03   -3.14159e+00  3.14159e+00
     7 L1_alpha     6.92000e-01  1.00000e-03    0.00000e+00  1.00000e+00
     8 L2_alpha    -7.51000e-01  1.00000e-03   -1.00000e+00  0.00000e+00
     9 L3_alpha     7.51000e-01  1.00000e-03    1.00000e+00  0.00000e+00
 MINUIT WARNING IN PARAM DEF
 ============== PARAMETER LIMITS WERE REVERSED.
 PARAMETER DEFINITIONS:
    NO.   NAME         VALUE      STEP SIZE      LIMITS
    10 L4_alpha    -6.92000e-01  1.00000e-03   -1.00000e+00  0.00000e+00
OK 11111111113
OK 11111111114
 **********
 **    3 **MINI
 **********
Loglike: -3377.15
0.573595 1.16158 -0.380309 0.0751763 0.384755 0.00809655 0.708786 -0.750782 0.736522 -0.685733 
Loglike: -3377.19
0.575015 1.16574 -0.380443 0.0733441 0.385992 0.0082236 0.711989 -0.748292 0.736289 -0.686434 
 MIGRAD MINIMIZATION HAS CONVERGED.
 MIGRAD WILL VERIFY CONVERGENCE AND ERROR MATRIX.
 FCN=-3377.19 FROM MIGRAD    STATUS=CONVERGED     272 CALLS         273 TOTAL
                     EDM=5.74434e-06    STRATEGY= 1      ERROR MATRIX ACCURATE 
  EXT PARAMETER                                   STEP         FIRST   
  NO.   NAME      VALUE            ERROR          SIZE      DERIVATIVE 
   1  alpha_jpsi   5.75015e-01   1.56723e-02   6.93941e-04   5.87539e-02
   2  dphi_jpsi    1.16574e+00   5.37417e-02   6.54490e-04  -5.83319e-02
   3  xi_alpha    -3.80443e-01   9.01769e-03   7.01718e-04   4.88700e-02
   4  xi_phi       7.33441e-02   2.47920e-02   3.16435e-04   7.49325e-02
   5  xib_alpha    3.85992e-01   8.94981e-03   7.00963e-04  -4.00447e-02
   6  xib_phi      8.22360e-03   2.57379e-02   3.29064e-04   2.82741e-02
   7  L1_alpha     7.11989e-01   1.75951e-02   1.39198e-03   3.63510e-02
   8  L2_alpha    -7.47671e-01   1.73464e-02   1.42905e-03  -1.59068e-02
   9  L3_alpha     7.36289e-01   1.79893e-02   1.45177e-03  -4.72437e-03
  10  L4_alpha    -6.86434e-01   1.79194e-02   1.39597e-03  -9.29387e-04
                               ERR DEF= 0.5
OK 11111111115
 **********
 **    4 **MINOS
 **********
Loglike: -3376.68
0.590687 1.1881 -0.380367 0.072569 0.386034 0.00823735 0.709913 -0.74632 0.734573 -0.685215 
Loglike: -3376.72
0.5813 1.21948 -0.380851 0.0716552 0.386213 0.00846772 0.7099 -0.745346 0.733846 -0.684994 
Loglike: -3376.69
0.568265 1.1139 -0.380026 0.0739996 0.385765 0.00792675 0.714775 -0.750183 0.738948 -0.687982 
Loglike: -3376.69
0.575441 1.16817 -0.389461 0.0733512 0.385871 0.00802218 0.707553 -0.748204 0.732623 -0.687451 
Loglike: -3376.69
0.57563 1.16706 -0.380325 0.0734802 0.394941 0.00827464 0.712832 -0.743248 0.736626 -0.683097 
Loglike: -3376.69
0.575006 1.16517 -0.380851 0.0732424 0.385971 -0.0175143 0.711904 -0.747449 0.736093 -0.68682 
Loglike: -3376.69
0.576824 1.17211 -0.382637 0.0728164 0.385509 0.00912588 0.694394 -0.753446 0.734936 -0.686646 
Loglike: -3376.69
0.573521 1.15808 -0.378302 0.0733139 0.386179 0.00850376 0.713348 -0.748413 0.754278 -0.679779 
Loglike: -3376.69
0.573378 1.16125 -0.380981 0.0734336 0.384349 0.00766996 0.711779 -0.748707 0.729599 -0.704353 
 FCN=-3377.19 FROM MINOS     STATUS=SUCCESSFUL    839 CALLS        1112 TOTAL
                     EDM=5.74434e-06    STRATEGY= 1      ERROR MATRIX ACCURATE 
  EXT PARAMETER                  PARABOLIC         MINOS ERRORS        
  NO.   NAME      VALUE            ERROR      NEGATIVE      POSITIVE   
   1  alpha_jpsi   5.75015e-01   1.56723e-02  -1.57230e-02   1.56258e-02
   2  dphi_jpsi    1.16574e+00   5.37417e-02  -5.18975e-02   5.58949e-02
   3  xi_alpha    -3.80443e-01   9.01769e-03  -9.03860e-03   8.99877e-03
   4  xi_phi       7.33441e-02   2.47920e-02  -2.47963e-02   2.47686e-02
   5  xib_alpha    3.85992e-01   8.94981e-03  -8.93446e-03   8.96575e-03
   6  xib_phi      8.22360e-03   2.57379e-02  -2.57785e-02   2.57660e-02
   7  L1_alpha     7.11989e-01   1.75951e-02  -1.75834e-02   1.76155e-02
   8  L2_alpha    -7.47671e-01   1.73464e-02  -1.73823e-02   1.73214e-02
   9  L3_alpha     7.36289e-01   1.79893e-02  -1.79553e-02   1.80357e-02
  10  L4_alpha    -6.86434e-01   1.79194e-02  -1.79528e-02   1.78971e-02
                               ERR DEF= 0.5
OK 11111111115
 EXTERNAL ERROR MATRIX.    NDIM=  25    NPAR= 10    ERR DEF=0.5
  2.457e-04  3.510e-04 -4.142e-06 -1.215e-05  6.688e-07  2.155e-07 -3.250e-05  2.117e-05 -2.686e-05  1.910e-05 
  3.510e-04  2.888e-03 -2.226e-05 -3.636e-05  1.199e-05  1.453e-05 -1.146e-04  1.301e-04 -1.377e-04  8.033e-05 
 -4.142e-06 -2.226e-05  8.133e-05 -2.062e-07  1.198e-06  1.733e-06  3.955e-05  5.368e-06  3.855e-05  9.631e-06 
 -1.215e-05 -3.636e-05 -2.062e-07  6.147e-04  1.332e-06  2.616e-06  8.978e-06  7.284e-06 -5.432e-07 -1.604e-06 
  6.688e-07  1.199e-05  1.198e-06  1.332e-06  8.011e-05  5.366e-07  8.199e-06  3.927e-05  3.364e-06  2.945e-05 
  2.155e-07  1.453e-05  1.733e-06  2.616e-06  5.366e-07  6.625e-04  2.170e-06 -5.732e-06  5.041e-06  9.923e-06 
 -3.250e-05 -1.146e-04  3.955e-05  8.978e-06  8.199e-06  2.170e-06  3.097e-04  1.032e-04  2.448e-05  3.766e-06 
  2.117e-05  1.301e-04  5.368e-06  7.284e-06  3.927e-05 -5.732e-06  1.032e-04  3.011e-04 -2.003e-06  1.857e-05 
 -2.686e-05 -1.377e-04  3.855e-05 -5.432e-07  3.364e-06  5.041e-06  2.448e-05 -2.003e-06  3.238e-04  1.194e-04 
  1.910e-05  8.033e-05  9.631e-06 -1.604e-06  2.945e-05  9.923e-06  3.766e-06  1.857e-05  1.194e-04  3.213e-04 
 PARAMETER  CORRELATION COEFFICIENTS  
       NO.  GLOBAL      1      2      3      4      5      6      7      8      9     10
        1  0.43031   1.000  0.417 -0.029 -0.031  0.005  0.001 -0.118  0.078 -0.095  0.068
        2  0.46683   0.417  1.000 -0.046 -0.027  0.025  0.011 -0.121  0.140 -0.142  0.083
        3  0.33756  -0.029 -0.046  1.000 -0.001  0.015  0.007  0.249  0.034  0.238  0.060
        4  0.04296  -0.031 -0.027 -0.001  1.000  0.006  0.004  0.021  0.017 -0.001 -0.004
        5  0.31211   0.005  0.025  0.015  0.006  1.000  0.002  0.052  0.253  0.021  0.184
        6  0.03151   0.001  0.011  0.007  0.004  0.002  1.000  0.005 -0.013  0.011  0.022
        7  0.45120  -0.118 -0.121  0.249  0.021  0.052  0.005  1.000  0.338  0.077  0.012
        8  0.45325   0.078  0.140  0.034  0.017  0.253 -0.013  0.338  1.000 -0.006  0.060
        9  0.46389  -0.095 -0.142  0.238 -0.001  0.021  0.011  0.077 -0.006  1.000  0.370
       10  0.43533   0.068  0.083  0.060 -0.004  0.184  0.022  0.012  0.060  0.370  1.000
OK 11111111115
out.txt
OK 11111111111
