
[1mRooFit v3.60 -- Developed by Wouter Verkerke and David Kirkby[0m 
                Copyright (C) 2000-2013 NIKHEF, University of California & Stanford University
                All rights reserved, please read http://roofit.sourceforge.net/license.txt

option -a

option -d with value `v1'
option -b

option -i with value `2012'
option -d with value `2012'
/data/liul/workarea/XIXI/fit/boost/2012/xixipm/v1/mdiy/mdiy30x.root => 2012
/data/liul/workarea/XIXI/fit/boost/2012/xixipm/v1/phsp/phsp30x.root => 2012
/data/liul/workarea/XIXI/fit/boost/2012/xixipm/v1/bkg1/bkg30x.root => 2012
/data/liul/workarea/XIXI/fit/boost/2012/xixipp/v1/mdiy/mdiy30x.root => 2012
/data/liul/workarea/XIXI/fit/boost/2012/xixipp/v1/phsp/phsp30x.root => 2012
/data/liul/workarea/XIXI/fit/boost/2012/xixipp/v1/bkg1/bkg30x.root => 2012

0   0
0   /data/liul/workarea/XIXI/fit/boost/2012/xixipm/v1/mdiy/mdiy30x.root mdiy 2012  xixipm
Warning in <TClass::Init>: no dictionary for class ROOT::TIOFeatures is available
/data/liul/workarea/XIXI/fit/boost/2012/xixipm/v1/mdiy/mdiy30x.root
Finish
0   0
1   /data/liul/workarea/XIXI/fit/boost/2012/xixipm/v1/phsp/phsp30x.root phsp 2012  xixipm
/data/liul/workarea/XIXI/fit/boost/2012/xixipm/v1/phsp/phsp30x.root
Finish
0   0
2   /data/liul/workarea/XIXI/fit/boost/2012/xixipm/v1/bkg1/bkg30x.root bkg1 2012  xixipm
/data/liul/workarea/XIXI/fit/boost/2012/xixipm/v1/bkg1/bkg30x.root
Finish
0   1
3   /data/liul/workarea/XIXI/fit/boost/2012/xixipp/v1/mdiy/mdiy30x.root mdiy 2012  xixipp
/data/liul/workarea/XIXI/fit/boost/2012/xixipp/v1/mdiy/mdiy30x.root
Finish
0   1
4   /data/liul/workarea/XIXI/fit/boost/2012/xixipp/v1/phsp/phsp30x.root phsp 2012  xixipp

[1mRooFit v3.60 -- Developed by Wouter Verkerke and David Kirkby[0m 
                Copyright (C) 2000-2013 NIKHEF, University of California & Stanford University
                All rights reserved, please read http://roofit.sourceforge.net/license.txt

option -a

option -d with value `v1'
option -b

option -i with value `2012'
option -d with value `2012'
/data/liul/workarea/XIXI/fit/boost/2012/xixipm/v1/mdiy/mdiy30x.root => 2012
/data/liul/workarea/XIXI/fit/boost/2012/xixipm/v1/phsp/phsp30x.root => 2012
/data/liul/workarea/XIXI/fit/boost/2012/xixipm/v1/bkg1/bkg30x.root => 2012
/data/liul/workarea/XIXI/fit/boost/2012/xixipp/v1/mdiy/mdiy30x.root => 2012
/data/liul/workarea/XIXI/fit/boost/2012/xixipp/v1/phsp/phsp30x.root => 2012
/data/liul/workarea/XIXI/fit/boost/2012/xixipp/v1/bkg1/bkg30x.root => 2012

0   0
0   /data/liul/workarea/XIXI/fit/boost/2012/xixipm/v1/mdiy/mdiy30x.root mdiy 2012  xixipm
Warning in <TClass::Init>: no dictionary for class ROOT::TIOFeatures is available
/data/liul/workarea/XIXI/fit/boost/2012/xixipm/v1/mdiy/mdiy30x.root
Finish
0   0
1   /data/liul/workarea/XIXI/fit/boost/2012/xixipm/v1/phsp/phsp30x.root phsp 2012  xixipm
/data/liul/workarea/XIXI/fit/boost/2012/xixipm/v1/phsp/phsp30x.root
Finish
0   0
2   /data/liul/workarea/XIXI/fit/boost/2012/xixipm/v1/bkg1/bkg30x.root bkg1 2012  xixipm
/data/liul/workarea/XIXI/fit/boost/2012/xixipm/v1/bkg1/bkg30x.root
Finish
0   1
3   /data/liul/workarea/XIXI/fit/boost/2012/xixipp/v1/mdiy/mdiy30x.root mdiy 2012  xixipp
/data/liul/workarea/XIXI/fit/boost/2012/xixipp/v1/mdiy/mdiy30x.root
Finish
0   1
4   /data/liul/workarea/XIXI/fit/boost/2012/xixipp/v1/phsp/phsp30x.root phsp 2012  xixipp
/data/liul/workarea/XIXI/fit/boost/2012/xixipp/v1/phsp/phsp30x.root
Finish
0   1
5   /data/liul/workarea/XIXI/fit/boost/2012/xixipp/v1/bkg1/bkg30x.root bkg1 2012  xixipp
/data/liul/workarea/XIXI/fit/boost/2012/xixipp/v1/bkg1/bkg30x.root
Finish
N[0][0] : 20460
N[0][1] : 654635
N[0][2] : 143517
N[0][3] : 19262
N[0][4] : 620876
N[0][5] : 112184
out.txt
OK 11111111113
OK
OK 11111111111
OK 11111111111
 **********
 **    1 **SET PRINT           0
 **********
 **********
 **    2 **SET ERR         0.5
 **********
 PARAMETER DEFINITIONS:
    NO.   NAME         VALUE      STEP SIZE      LIMITS
     1 alpha_jpsi   5.86000e-01  1.00000e-03   -1.00000e+00  1.00000e+00
     2 dphi_jpsi    1.12100e+00  1.00000e-03   -3.14159e+00  3.14159e+00
OK 11111111111
     3 xi_alpha    -3.75600e-01  1.00000e-03   -1.00000e+00  0.00000e+00
     4 xi_phi       1.20000e-02  1.00000e-03   -3.14159e+00  3.14159e+00
     5 xib_alpha    3.75600e-01  1.00000e-03    0.00000e+00  1.00000e+00
     6 xib_phi     -1.20000e-02  1.00000e-03   -3.14159e+00  3.14159e+00
     7 L1_alpha     6.92000e-01  1.00000e-03    0.00000e+00  1.00000e+00
     8 L2_alpha    -7.51000e-01  1.00000e-03   -1.00000e+00  0.00000e+00
     9 L3_alpha     7.51000e-01  1.00000e-03    1.00000e+00  0.00000e+00
 MINUIT WARNING IN PARAM DEF
 ============== PARAMETER LIMITS WERE REVERSED.
 PARAMETER DEFINITIONS:
    NO.   NAME         VALUE      STEP SIZE      LIMITS
    10 L4_alpha    -6.92000e-01  1.00000e-03   -1.00000e+00  0.00000e+00
OK 11111111113
OK 11111111114
 **********
 **    3 **MINI
 **********
Loglike: -2629.2
0.586 1.121 -0.3756 0.012 0.3756 -0.012 0.692 -0.751 0.751 -0.692 
Loglike: -2634.88
0.578253 1.21662 -0.378567 0.060948 0.363187 -0.00319365 0.654569 -0.761268 0.745157 -0.690287 
 MIGRAD MINIMIZATION HAS CONVERGED.
 MIGRAD WILL VERIFY CONVERGENCE AND ERROR MATRIX.
Loglike: -2634.89
0.577813 1.21834 -0.379072 0.0586656 0.363251 -0.00440137 0.654593 -0.761682 0.744423 -0.691566 
 FCN=-2634.89 FROM MIGRAD    STATUS=CONVERGED     262 CALLS         263 TOTAL
                     EDM=2.4528e-06    STRATEGY= 1      ERROR MATRIX ACCURATE 
  EXT PARAMETER                                   STEP         FIRST   
  NO.   NAME      VALUE             ERROR          SIZE      DERIVATIVE 
    1  alpha_jpsi   5.77813e-01    1.73488e-02   6.91269e-04   1.20270e-02
    2  dphi_jpsi    1.21834e+00    6.05176e-02   6.72120e-04   4.51967e-02
    3  xi_alpha    -3.79072e-01    1.02687e-02   7.11696e-04  -2.84126e-02
    4  xi_phi       5.84586e-02    2.92434e-02   3.29649e-04  -1.12956e-02
    5  xib_alpha    3.63251e-01    1.02349e-02   7.09615e-04   1.43791e-02
    6  xib_phi     -4.40137e-03    2.84375e-02   3.20431e-04  -7.92511e-02
    7  L1_alpha     6.54593e-01    2.00644e-02   1.32365e-03   2.41392e-03
    8  L2_alpha    -7.61682e-01    2.08964e-02   1.50946e-03   7.47788e-03
    9  L3_alpha     7.44423e-01    2.03704e-02   1.46418e-03   2.77252e-03
   10  L4_alpha    -6.91566e-01    2.04718e-02   1.40771e-03   2.69947e-03
                               ERR DEF= 0.5
OK 11111111115
 **********
 **    4 **MINOS
 **********
Loglike: -2634.39
0.595162 1.24101 -0.379303 0.0587914 0.363587 -0.00482342 0.652978 -0.759977 0.742473 -0.689934 
Loglike: -2634.39
0.584163 1.28083 -0.37904 0.0592006 0.363516 -0.00415416 0.65313 -0.75924 0.741585 -0.689636 
Loglike: -2634.39
0.577411 1.21652 -0.368804 0.0582643 0.363139 -0.00429659 0.659059 -0.760981 0.748991 -0.690732 
Loglike: -2634.39
0.578005 1.21996 -0.379184 0.087702 0.363305 -0.00345484 0.65435 -0.760665 0.744558 -0.691276 
Loglike: -2634.39
0.577233 1.21672 -0.379302 0.0582925 0.353016 -0.00448186 0.65249 -0.767823 0.744273 -0.695759 
Loglike: -2634.39
0.576439 1.21203 -0.376785 0.0583103 0.364323 -0.00452644 0.674657 -0.753401 0.745687 -0.691242 
Loglike: -2634.39
0.579213 1.22534 -0.378662 0.0589642 0.36653 -0.00368856 0.662419 -0.740786 0.744284 -0.690272 
Loglike: -2634.39
0.579482 1.22697 -0.381383 0.0580935 0.363176 -0.00431635 0.652715 -0.761501 0.724053 -0.699091 
 FCN=-2634.89 FROM MINOS     STATUS=SUCCESSFUL    837 CALLS        1100 TOTAL
                     EDM=2.4528e-06    STRATEGY= 1      ERROR MATRIX ACCURATE 
  EXT PARAMETER                  PARABOLIC         MINOS ERRORS        
  NO.   NAME      VALUE             ERROR      NEGATIVE      POSITIVE   
    1  alpha_jpsi   5.77813e-01    1.73488e-02  -1.74311e-02   1.72683e-02
    2  dphi_jpsi    1.21834e+00    6.05176e-02  -5.86338e-02   6.25536e-02
    3  xi_alpha    -3.79072e-01    1.02687e-02  -1.02749e-02   1.02647e-02
    4  xi_phi       5.84586e-02    2.92434e-02  -2.92461e-02   2.92475e-02
    5  xib_alpha    3.63251e-01    1.02349e-02  -1.02265e-02   1.02438e-02
    6  xib_phi     -4.40137e-03    2.84375e-02  -2.84151e-02   2.84658e-02
    7  L1_alpha     6.54593e-01    2.00644e-02  -2.00124e-02   2.01269e-02
    8  L2_alpha    -7.61682e-01    2.08964e-02  -2.09879e-02   2.08229e-02
    9  L3_alpha     7.44423e-01    2.03704e-02  -2.03231e-02   2.04373e-02
   10  L4_alpha    -6.91566e-01    2.04718e-02  -2.05318e-02   2.04296e-02
                               ERR DEF= 0.5
OK 11111111115
 EXTERNAL ERROR MATRIX.    NDIM=  25    NPAR= 10    ERR DEF=0.5
  3.010e-04  3.932e-04 -4.131e-06  6.149e-06  5.939e-06 -7.463e-06 -2.757e-05  2.978e-05 -3.404e-05  3.930e-05 
  3.932e-04  3.663e-03 -1.872e-05  4.706e-05  1.661e-05  1.504e-05 -8.764e-05  1.539e-04 -1.758e-04  1.182e-04 
 -4.131e-06 -1.872e-05  1.055e-04 -1.994e-06  2.354e-06  1.076e-06  4.594e-05  7.194e-06  4.705e-05  8.556e-06 
  6.149e-06  4.706e-05 -1.994e-06  8.552e-04  1.700e-06  2.668e-05 -2.975e-06  1.060e-05  7.439e-06  7.440e-06 
  5.939e-06  1.661e-05  2.354e-06  1.700e-06  1.048e-04  8.239e-07  2.151e-05  6.314e-05  1.541e-06  3.640e-05 
 -7.463e-06  1.504e-05  1.076e-06  2.668e-05  8.239e-07  8.087e-04 -2.510e-06  1.446e-05 -1.733e-06 -1.256e-05 
 -2.757e-05 -8.764e-05  4.594e-05 -2.975e-06  2.151e-05 -2.510e-06  4.028e-04  1.652e-04  2.538e-05  6.505e-06 
  2.978e-05  1.539e-04  7.194e-06  1.060e-05  6.314e-05  1.446e-05  1.652e-04  4.370e-04 -3.684e-06  2.778e-05 
 -3.404e-05 -1.758e-04  4.705e-05  7.439e-06  1.541e-06 -1.733e-06  2.538e-05 -3.684e-06  4.153e-04  1.539e-04 
  3.930e-05  1.182e-04  8.556e-06  7.440e-06  3.640e-05 -1.256e-05  6.505e-06  2.778e-05  1.539e-04  4.194e-04 
 PARAMETER  CORRELATION COEFFICIENTS  
       NO.  GLOBAL      1      2      3      4      5      6      7      8      9     10
        1  0.39814   1.000  0.374 -0.023  0.012  0.033 -0.015 -0.079  0.082 -0.096  0.111
        2  0.42142   0.374  1.000 -0.030  0.027  0.027  0.009 -0.072  0.122 -0.143  0.095
        3  0.31684  -0.023 -0.030  1.000 -0.007  0.022  0.004  0.223  0.034  0.225  0.041
        4  0.04858   0.012  0.027 -0.007  1.000  0.006  0.032 -0.005  0.017  0.012  0.012
        5  0.33964   0.033  0.027  0.022  0.006  1.000  0.003  0.105  0.295  0.007  0.174
        6  0.05382  -0.015  0.009  0.004  0.032  0.003  1.000 -0.004  0.024 -0.003 -0.022
        7  0.46626  -0.079 -0.072  0.223 -0.005  0.105 -0.004  1.000  0.394  0.062  0.016
        8  0.49694   0.082  0.122  0.034  0.017  0.295  0.024  0.394  1.000 -0.009  0.065
        9  0.46752  -0.096 -0.143  0.225  0.012  0.007 -0.003  0.062 -0.009  1.000  0.369
       10  0.44461   0.111  0.095  0.041  0.012  0.174 -0.022  0.016  0.065  0.369  1.000
OK 11111111115

[1mRooFit v3.60 -- Developed by Wouter Verkerke and David Kirkby[0m 
                Copyright (C) 2000-2013 NIKHEF, University of California & Stanford University
                All rights reserved, please read http://roofit.sourceforge.net/license.txt

option -a

option -d with value `v1'
option -b

option -i with value `2012'
option -d with value `2012'
/data/liul/workarea/XIXI/fit/boost/2012/xixipm/v1/mdiy/mdiy30x.root => 2012
/data/liul/workarea/XIXI/fit/boost/2012/xixipm/v1/phsp/phsp30x.root => 2012
/data/liul/workarea/XIXI/fit/boost/2012/xixipm/v1/bkg1/bkg30x.root => 2012
/data/liul/workarea/XIXI/fit/boost/2012/xixipp/v1/mdiy/mdiy30x.root => 2012
/data/liul/workarea/XIXI/fit/boost/2012/xixipp/v1/phsp/phsp30x.root => 2012
/data/liul/workarea/XIXI/fit/boost/2012/xixipp/v1/bkg1/bkg30x.root => 2012

0   0
0   /data/liul/workarea/XIXI/fit/boost/2012/xixipm/v1/mdiy/mdiy30x.root mdiy 2012  xixipm
Warning in <TClass::Init>: no dictionary for class ROOT::TIOFeatures is available
/data/liul/workarea/XIXI/fit/boost/2012/xixipm/v1/mdiy/mdiy30x.root
Finish
0   0
1   /data/liul/workarea/XIXI/fit/boost/2012/xixipm/v1/phsp/phsp30x.root phsp 2012  xixipm
/data/liul/workarea/XIXI/fit/boost/2012/xixipm/v1/phsp/phsp30x.root
Finish
0   0
2   /data/liul/workarea/XIXI/fit/boost/2012/xixipm/v1/bkg1/bkg30x.root bkg1 2012  xixipm
/data/liul/workarea/XIXI/fit/boost/2012/xixipm/v1/bkg1/bkg30x.root
Finish
0   1
3   /data/liul/workarea/XIXI/fit/boost/2012/xixipp/v1/mdiy/mdiy30x.root mdiy 2012  xixipp
/data/liul/workarea/XIXI/fit/boost/2012/xixipp/v1/mdiy/mdiy30x.root
Finish
0   1
4   /data/liul/workarea/XIXI/fit/boost/2012/xixipp/v1/phsp/phsp30x.root phsp 2012  xixipp
/data/liul/workarea/XIXI/fit/boost/2012/xixipp/v1/phsp/phsp30x.root
Finish
0   1
5   /data/liul/workarea/XIXI/fit/boost/2012/xixipp/v1/bkg1/bkg30x.root bkg1 2012  xixipp
/data/liul/workarea/XIXI/fit/boost/2012/xixipp/v1/bkg1/bkg30x.root
Finish
N[0][0] : 20460
N[0][1] : 654635
N[0][2] : 143517
N[0][3] : 19262
N[0][4] : 620876
N[0][5] : 112184
out.txt
OK 11111111113
OK
OK 11111111111
OK 11111111111
 **********
 **    1 **SET PRINT           0
 **********
 **********
 **    2 **SET ERR         0.5
 **********
 PARAMETER DEFINITIONS:
    NO.   NAME         VALUE      STEP SIZE      LIMITS
     1 alpha_jpsi   5.86000e-01  1.00000e-03   -1.00000e+00  1.00000e+00
     2 dphi_jpsi    1.12100e+00  1.00000e-03   -3.14159e+00  3.14159e+00
OK 11111111111
     3 xi_alpha    -3.75600e-01  1.00000e-03   -1.00000e+00  0.00000e+00
     4 xi_phi       1.20000e-02  1.00000e-03   -3.14159e+00  3.14159e+00
     5 xib_alpha    3.75600e-01  1.00000e-03    0.00000e+00  1.00000e+00
     6 xib_phi     -1.20000e-02  1.00000e-03   -3.14159e+00  3.14159e+00
     7 L1_alpha     6.92000e-01  1.00000e-03    0.00000e+00  1.00000e+00
     8 L2_alpha    -7.51000e-01  1.00000e-03   -1.00000e+00  0.00000e+00
     9 L3_alpha     7.51000e-01  1.00000e-03    1.00000e+00  0.00000e+00
 MINUIT WARNING IN PARAM DEF
 ============== PARAMETER LIMITS WERE REVERSED.
 PARAMETER DEFINITIONS:
    NO.   NAME         VALUE      STEP SIZE      LIMITS
    10 L4_alpha    -6.92000e-01  1.00000e-03   -1.00000e+00  0.00000e+00
OK 11111111113
OK 11111111114
 **********
 **    3 **MINI
 **********
Loglike: -2629.2
0.586 1.121 -0.3756 0.012 0.3756 -0.012 0.692 -0.751 0.751 -0.692 
Loglike: -2634.88
0.578253 1.21662 -0.378567 0.060948 0.363187 -0.00319365 0.654569 -0.761268 0.745157 -0.690287 
 MIGRAD MINIMIZATION HAS CONVERGED.
 MIGRAD WILL VERIFY CONVERGENCE AND ERROR MATRIX.
Loglike: -2634.89
0.577813 1.21834 -0.379072 0.0586656 0.363251 -0.00440137 0.654593 -0.761682 0.744423 -0.691566 
 FCN=-2634.89 FROM MIGRAD    STATUS=CONVERGED     262 CALLS         263 TOTAL
                     EDM=2.4528e-06    STRATEGY= 1      ERROR MATRIX ACCURATE 
  EXT PARAMETER                                   STEP         FIRST   
  NO.   NAME      VALUE             ERROR          SIZE      DERIVATIVE 
    1  alpha_jpsi   5.77813e-01    1.73488e-02   6.91269e-04   1.20270e-02
    2  dphi_jpsi    1.21834e+00    6.05176e-02   6.72120e-04   4.51967e-02
    3  xi_alpha    -3.79072e-01    1.02687e-02   7.11696e-04  -2.84126e-02
    4  xi_phi       5.84586e-02    2.92434e-02   3.29649e-04  -1.12956e-02
    5  xib_alpha    3.63251e-01    1.02349e-02   7.09615e-04   1.43791e-02
    6  xib_phi     -4.40137e-03    2.84375e-02   3.20431e-04  -7.92511e-02
    7  L1_alpha     6.54593e-01    2.00644e-02   1.32365e-03   2.41392e-03
    8  L2_alpha    -7.61682e-01    2.08964e-02   1.50946e-03   7.47788e-03
    9  L3_alpha     7.44423e-01    2.03704e-02   1.46418e-03   2.77252e-03
   10  L4_alpha    -6.91566e-01    2.04718e-02   1.40771e-03   2.69947e-03
                               ERR DEF= 0.5
OK 11111111115
 **********
 **    4 **MINOS
 **********
Loglike: -2634.39
0.595162 1.24101 -0.379303 0.0587914 0.363587 -0.00482342 0.652978 -0.759977 0.742473 -0.689934 
Loglike: -2634.39
0.584163 1.28083 -0.37904 0.0592006 0.363516 -0.00415416 0.65313 -0.75924 0.741585 -0.689636 
Loglike: -2634.39
0.577411 1.21652 -0.368804 0.0582643 0.363139 -0.00429659 0.659059 -0.760981 0.748991 -0.690732 
Loglike: -2634.39
0.578005 1.21996 -0.379184 0.087702 0.363305 -0.00345484 0.65435 -0.760665 0.744558 -0.691276 
Loglike: -2634.39
0.577233 1.21672 -0.379302 0.0582925 0.353016 -0.00448186 0.65249 -0.767823 0.744273 -0.695759 
Loglike: -2634.39
0.576439 1.21203 -0.376785 0.0583103 0.364323 -0.00452644 0.674657 -0.753401 0.745687 -0.691242 
Loglike: -2634.39
0.579213 1.22534 -0.378662 0.0589642 0.36653 -0.00368856 0.662419 -0.740786 0.744284 -0.690272 
Loglike: -2634.39
0.579482 1.22697 -0.381383 0.0580935 0.363176 -0.00431635 0.652715 -0.761501 0.724053 -0.699091 
 FCN=-2634.89 FROM MINOS     STATUS=SUCCESSFUL    837 CALLS        1100 TOTAL
                     EDM=2.4528e-06    STRATEGY= 1      ERROR MATRIX ACCURATE 
  EXT PARAMETER                  PARABOLIC         MINOS ERRORS        
  NO.   NAME      VALUE             ERROR      NEGATIVE      POSITIVE   
    1  alpha_jpsi   5.77813e-01    1.73488e-02  -1.74311e-02   1.72683e-02
    2  dphi_jpsi    1.21834e+00    6.05176e-02  -5.86338e-02   6.25536e-02
    3  xi_alpha    -3.79072e-01    1.02687e-02  -1.02749e-02   1.02647e-02
    4  xi_phi       5.84586e-02    2.92434e-02  -2.92461e-02   2.92475e-02
    5  xib_alpha    3.63251e-01    1.02349e-02  -1.02265e-02   1.02438e-02
    6  xib_phi     -4.40137e-03    2.84375e-02  -2.84151e-02   2.84658e-02
    7  L1_alpha     6.54593e-01    2.00644e-02  -2.00124e-02   2.01269e-02
    8  L2_alpha    -7.61682e-01    2.08964e-02  -2.09879e-02   2.08229e-02
    9  L3_alpha     7.44423e-01    2.03704e-02  -2.03231e-02   2.04373e-02
   10  L4_alpha    -6.91566e-01    2.04718e-02  -2.05318e-02   2.04296e-02
                               ERR DEF= 0.5
OK 11111111115
 EXTERNAL ERROR MATRIX.    NDIM=  25    NPAR= 10    ERR DEF=0.5
  3.010e-04  3.932e-04 -4.131e-06  6.149e-06  5.939e-06 -7.463e-06 -2.757e-05  2.978e-05 -3.404e-05  3.930e-05 
  3.932e-04  3.663e-03 -1.872e-05  4.706e-05  1.661e-05  1.504e-05 -8.764e-05  1.539e-04 -1.758e-04  1.182e-04 
 -4.131e-06 -1.872e-05  1.055e-04 -1.994e-06  2.354e-06  1.076e-06  4.594e-05  7.194e-06  4.705e-05  8.556e-06 
  6.149e-06  4.706e-05 -1.994e-06  8.552e-04  1.700e-06  2.668e-05 -2.975e-06  1.060e-05  7.439e-06  7.440e-06 
  5.939e-06  1.661e-05  2.354e-06  1.700e-06  1.048e-04  8.239e-07  2.151e-05  6.314e-05  1.541e-06  3.640e-05 
 -7.463e-06  1.504e-05  1.076e-06  2.668e-05  8.239e-07  8.087e-04 -2.510e-06  1.446e-05 -1.733e-06 -1.256e-05 
 -2.757e-05 -8.764e-05  4.594e-05 -2.975e-06  2.151e-05 -2.510e-06  4.028e-04  1.652e-04  2.538e-05  6.505e-06 
  2.978e-05  1.539e-04  7.194e-06  1.060e-05  6.314e-05  1.446e-05  1.652e-04  4.370e-04 -3.684e-06  2.778e-05 
 -3.404e-05 -1.758e-04  4.705e-05  7.439e-06  1.541e-06 -1.733e-06  2.538e-05 -3.684e-06  4.153e-04  1.539e-04 
  3.930e-05  1.182e-04  8.556e-06  7.440e-06  3.640e-05 -1.256e-05  6.505e-06  2.778e-05  1.539e-04  4.194e-04 
 PARAMETER  CORRELATION COEFFICIENTS  
       NO.  GLOBAL      1      2      3      4      5      6      7      8      9     10
        1  0.39814   1.000  0.374 -0.023  0.012  0.033 -0.015 -0.079  0.082 -0.096  0.111
        2  0.42142   0.374  1.000 -0.030  0.027  0.027  0.009 -0.072  0.122 -0.143  0.095
        3  0.31684  -0.023 -0.030  1.000 -0.007  0.022  0.004  0.223  0.034  0.225  0.041
        4  0.04858   0.012  0.027 -0.007  1.000  0.006  0.032 -0.005  0.017  0.012  0.012
        5  0.33964   0.033  0.027  0.022  0.006  1.000  0.003  0.105  0.295  0.007  0.174
        6  0.05382  -0.015  0.009  0.004  0.032  0.003  1.000 -0.004  0.024 -0.003 -0.022
        7  0.46626  -0.079 -0.072  0.223 -0.005  0.105 -0.004  1.000  0.394  0.062  0.016
        8  0.49694   0.082  0.122  0.034  0.017  0.295  0.024  0.394  1.000 -0.009  0.065
        9  0.46752  -0.096 -0.143  0.225  0.012  0.007 -0.003  0.062 -0.009  1.000  0.369
       10  0.44461   0.111  0.095  0.041  0.012  0.174 -0.022  0.016  0.065  0.369  1.000
OK 11111111115
0   0
0   /data/liul/workarea/XIXI/fit/boost/2012/xixipm/v1/mdiy/mdiy30x.root mdiy 2012  xixipm
/data/liul/workarea/XIXI/fit/boost/2012/xixipm/v1/mdiy/mdiy30x.root
Finish
0   0
1   /data/liul/workarea/XIXI/fit/boost/2012/xixipm/v1/phsp/phsp30x.root phsp 2012  xixipm
/data/liul/workarea/XIXI/fit/boost/2012/xixipm/v1/phsp/phsp30x.root
Finish
0   0
2   /data/liul/workarea/XIXI/fit/boost/2012/xixipm/v1/bkg1/bkg30x.root bkg1 2012  xixipm
/data/liul/workarea/XIXI/fit/boost/2012/xixipm/v1/bkg1/bkg30x.root
Finish
0   1
3   /data/liul/workarea/XIXI/fit/boost/2012/xixipp/v1/mdiy/mdiy30x.root mdiy 2012  xixipp
/data/liul/workarea/XIXI/fit/boost/2012/xixipp/v1/mdiy/mdiy30x.root
Finish
0   1
4   /data/liul/workarea/XIXI/fit/boost/2012/xixipp/v1/phsp/phsp30x.root phsp 2012  xixipp
/data/liul/workarea/XIXI/fit/boost/2012/xixipp/v1/phsp/phsp30x.root
Finish
0   1
5   /data/liul/workarea/XIXI/fit/boost/2012/xixipp/v1/bkg1/bkg30x.root bkg1 2012  xixipp
/data/liul/workarea/XIXI/fit/boost/2012/xixipp/v1/bkg1/bkg30x.root
Finish
N[0][0] : 20657
N[0][1] : 654635
N[0][2] : 143517
N[0][3] : 19290
N[0][4] : 620876
N[0][5] : 112184
out.txt
OK 11111111113
OK
OK 11111111111
OK 11111111111
 **********
 **    1 **SET PRINT           0
 **********
 **********
 **    2 **SET ERR         0.5
 **********
 PARAMETER DEFINITIONS:
    NO.   NAME         VALUE      STEP SIZE      LIMITS
     1 alpha_jpsi   5.86000e-01  1.00000e-03   -1.00000e+00  1.00000e+00
     2 dphi_jpsi    1.12100e+00  1.00000e-03   -3.14159e+00  3.14159e+00
OK 11111111111
     3 xi_alpha    -3.75600e-01  1.00000e-03   -1.00000e+00  0.00000e+00
     4 xi_phi       1.20000e-02  1.00000e-03   -3.14159e+00  3.14159e+00
     5 xib_alpha    3.75600e-01  1.00000e-03    0.00000e+00  1.00000e+00
     6 xib_phi     -1.20000e-02  1.00000e-03   -3.14159e+00  3.14159e+00
     7 L1_alpha     6.92000e-01  1.00000e-03    0.00000e+00  1.00000e+00
     8 L2_alpha    -7.51000e-01  1.00000e-03   -1.00000e+00  0.00000e+00
     9 L3_alpha     7.51000e-01  1.00000e-03    1.00000e+00  0.00000e+00
 MINUIT WARNING IN PARAM DEF
 ============== PARAMETER LIMITS WERE REVERSED.
 PARAMETER DEFINITIONS:
    NO.   NAME         VALUE      STEP SIZE      LIMITS
    10 L4_alpha    -6.92000e-01  1.00000e-03   -1.00000e+00  0.00000e+00
OK 11111111113
OK 11111111114
 **********
 **    3 **MINI
 **********
Loglike: 25113.2
0.586 1.121 -0.3756 0.012 0.3756 -0.012 0.692 -0.751 0.751 -0.692 
Loglike: 25112
0.59252 1.14553 -0.377636 0.00572885 0.379444 -0.0251128 0.688365 -0.748935 0.725453 -0.687688 
 MIGRAD MINIMIZATION HAS CONVERGED.
 MIGRAD WILL VERIFY CONVERGENCE AND ERROR MATRIX.
Loglike: 25112
0.593139 1.14837 -0.377563 0.00629074 0.379339 -0.0241368 0.688733 -0.751162 0.725446 -0.687491 
 FCN=25112 FROM MIGRAD    STATUS=CONVERGED     274 CALLS         275 TOTAL
                     EDM=1.45966e-06    STRATEGY= 1      ERROR MATRIX ACCURATE 
  EXT PARAMETER                                   STEP         FIRST   
  NO.   NAME      VALUE             ERROR          SIZE      DERIVATIVE 
    1  alpha_jpsi   5.93139e-01    1.82051e-02   2.20227e-03   6.13193e-03
    2  dphi_jpsi    1.14812e+00    6.33944e-02   2.07998e-03   3.24587e-02
    3  xi_alpha    -3.77563e-01    1.01556e-02   2.19740e-03   1.21247e-02
    4  xi_phi       6.29074e-03    2.85117e-02   9.90734e-04  -1.40642e-02
    5  xib_alpha    3.79339e-01    1.00992e-02   2.16276e-03  -2.69763e-02
    6  xib_phi     -2.41368e-02    2.87448e-02   9.98153e-04  -3.21274e-02
    7  L1_alpha     6.88733e-01    1.94200e-02   4.15136e-03  -2.71238e-03
    8  L2_alpha    -7.51162e-01    1.97554e-02   4.42683e-03  -1.04955e-02
    9  L3_alpha     7.25446e-01    2.04568e-02   4.50042e-03   1.23524e-03
   10  L4_alpha    -6.87491e-01    2.04037e-02   4.34113e-03  -6.62575e-03
                               ERR DEF= 0.5
OK 11111111115
 **********
 **    4 **MINOS
 **********
Loglike: 25112.5
0.611344 1.17675 -0.377444 0.00881374 0.379544 -0.0235895 0.687047 -0.749016 0.723884 -0.685183 
Loglike: 25112.5
0.600834 1.2145 -0.377574 0.00655187 0.37963 -0.0207061 0.687169 -0.748138 0.722994 -0.685548 
Loglike: 25112.5
0.585227 1.08747 -0.377535 0.00601721 0.379049 -0.0244306 0.690316 -0.756258 0.72809 -0.689411 
Loglike: 25112.5
0.592757 1.14872 -0.377603 0.0348024 0.379329 -0.0226273 0.688344 -0.750832 0.725531 -0.685702 
Loglike: 25112.5
0.591004 1.14627 -0.377459 0.00632071 0.36924 -0.0242577 0.688044 -0.756125 0.725333 -0.691184 
Loglike: 25112.5
0.592764 1.14742 -0.378483 0.00481195 0.379357 -0.0528816 0.689279 -0.751429 0.725144 -0.686942 
Loglike: 25112.5
0.595094 1.15827 -0.377518 0.00676673 0.381886 -0.0203943 0.695373 -0.731407 0.725088 -0.686221 
Loglike: 25112.5
0.59171 1.13969 -0.375487 0.00641798 0.379351 -0.0237633 0.689729 -0.753448 0.745903 -0.680142 
Loglike: 25112.5
0.58932 1.14172 -0.377698 0.00661054 0.377423 -0.0235726 0.688771 -0.75244 0.718079 -0.707895 
 FCN=25112 FROM MINOS     STATUS=SUCCESSFUL    842 CALLS        1117 TOTAL
                     EDM=1.45966e-06    STRATEGY= 1      ERROR MATRIX ACCURATE 
  EXT PARAMETER                  PARABOLIC         MINOS ERRORS        
  NO.   NAME      VALUE             ERROR      NEGATIVE      POSITIVE   
    1  alpha_jpsi   5.93139e-01    1.82051e-02  -1.82715e-02   1.81554e-02
    2  dphi_jpsi    1.14812e+00    6.33944e-02  -6.07640e-02   6.65289e-02
    3  xi_alpha    -3.77563e-01    1.01556e-02  -1.01714e-02   1.01441e-02
    4  xi_phi       6.29074e-03    2.85117e-02  -2.85008e-02   2.85279e-02
    5  xib_alpha    3.79339e-01    1.00992e-02  -1.00795e-02   1.01182e-02
    6  xib_phi     -2.41368e-02    2.87448e-02  -2.87385e-02   2.87578e-02
    7  L1_alpha     6.88733e-01    1.94200e-02  -1.93772e-02   1.94690e-02
    8  L2_alpha    -7.51162e-01    1.97554e-02  -1.98079e-02   1.97190e-02
    9  L3_alpha     7.25446e-01    2.04568e-02  -2.04139e-02   2.05184e-02
   10  L4_alpha    -6.87491e-01    2.04037e-02  -2.04555e-02   2.03729e-02
                               ERR DEF= 0.5
OK 11111111115
 EXTERNAL ERROR MATRIX.    NDIM=  25    NPAR= 10    ERR DEF=0.5
  3.315e-04  5.070e-04  2.111e-06 -1.087e-05  3.617e-06  9.841e-06 -3.042e-05  3.868e-05 -2.876e-05  4.106e-05 
  5.070e-04  4.019e-03 -1.412e-06  1.715e-05  1.871e-05  1.915e-05 -1.036e-04  2.007e-04 -1.668e-04  1.250e-04 
  2.111e-06 -1.412e-06  1.032e-04 -1.136e-06 -1.050e-06 -4.391e-06  3.745e-05  8.782e-07  4.068e-05  3.635e-06 
 -1.087e-05  1.715e-05 -1.136e-06  8.129e-04 -3.026e-07  4.304e-05 -1.109e-05  9.407e-06  2.400e-06 -6.479e-06 
  3.617e-06  1.871e-05 -1.050e-06 -3.026e-07  1.020e-04  1.222e-06  6.949e-06  5.030e-05  1.145e-06  3.737e-05 
  9.841e-06  1.915e-05 -4.391e-06  4.304e-05  1.222e-06  8.263e-04 -1.711e-05  1.183e-05  7.599e-06 -1.149e-05 
 -3.042e-05 -1.036e-04  3.745e-05 -1.109e-05  6.949e-06 -1.711e-05  3.774e-04  1.316e-04  1.959e-05 -4.651e-07 
  3.868e-05  2.007e-04  8.782e-07  9.407e-06  5.030e-05  1.183e-05  1.316e-04  3.905e-04 -7.083e-06  2.508e-05 
 -2.876e-05 -1.668e-04  4.068e-05  2.400e-06  1.145e-06  7.599e-06  1.959e-05 -7.083e-06  4.188e-04  1.484e-04 
  4.106e-05  1.250e-04  3.635e-06 -6.479e-06  3.737e-05 -1.149e-05 -4.651e-07  2.508e-05  1.484e-04  4.166e-04 
 PARAMETER  CORRELATION COEFFICIENTS  
       NO.  GLOBAL      1      2      3      4      5      6      7      8      9     10
        1  0.45604   1.000  0.439  0.011 -0.021  0.020  0.019 -0.086  0.108 -0.077  0.111
        2  0.48069   0.439  1.000 -0.002  0.009  0.029  0.011 -0.084  0.160 -0.129  0.097
        3  0.28520   0.011 -0.002  1.000 -0.004 -0.010 -0.015  0.190  0.004  0.196  0.018
        4  0.06955  -0.021  0.009 -0.004  1.000 -0.001  0.053 -0.020  0.017  0.004 -0.011
        5  0.31367   0.020  0.029 -0.010 -0.001  1.000  0.004  0.035  0.252  0.006  0.181
        6  0.07885   0.019  0.011 -0.015  0.053  0.004  1.000 -0.031  0.021  0.013 -0.020
        7  0.42704  -0.086 -0.084  0.190 -0.020  0.035 -0.031  1.000  0.343  0.049 -0.001
        8  0.46564   0.108  0.160  0.004  0.017  0.252  0.021  0.343  1.000 -0.018  0.062
        9  0.44210  -0.077 -0.129  0.196  0.004  0.006  0.013  0.049 -0.018  1.000  0.355
       10  0.43412   0.111  0.097  0.018 -0.011  0.181 -0.020 -0.001  0.062  0.355  1.000
OK 11111111115
0   0
0   /data/liul/workarea/XIXI/fit/boost/2012/xixipm/v1/mdiy/mdiy30x.root mdiy 2012  xixipm
/data/liul/workarea/XIXI/fit/boost/2012/xixipm/v1/mdiy/mdiy30x.root
Finish
0   0
1   /data/liul/workarea/XIXI/fit/boost/2012/xixipm/v1/phsp/phsp30x.root phsp 2012  xixipm
/data/liul/workarea/XIXI/fit/boost/2012/xixipm/v1/phsp/phsp30x.root
Finish
0   0
2   /data/liul/workarea/XIXI/fit/boost/2012/xixipm/v1/bkg1/bkg30x.root bkg1 2012  xixipm
/data/liul/workarea/XIXI/fit/boost/2012/xixipm/v1/bkg1/bkg30x.root
Finish
0   1
3   /data/liul/workarea/XIXI/fit/boost/2012/xixipp/v1/mdiy/mdiy30x.root mdiy 2012  xixipp
/data/liul/workarea/XIXI/fit/boost/2012/xixipp/v1/mdiy/mdiy30x.root
Finish
0   1
4   /data/liul/workarea/XIXI/fit/boost/2012/xixipp/v1/phsp/phsp30x.root phsp 2012  xixipp
/data/liul/workarea/XIXI/fit/boost/2012/xixipp/v1/phsp/phsp30x.root
Finish
0   1
5   /data/liul/workarea/XIXI/fit/boost/2012/xixipp/v1/bkg1/bkg30x.root bkg1 2012  xixipp
/data/liul/workarea/XIXI/fit/boost/2012/xixipp/v1/bkg1/bkg30x.root
Finish
N[0][0] : 20455
N[0][1] : 654635
N[0][2] : 143517
N[0][3] : 19343
N[0][4] : 620876
N[0][5] : 112184
out.txt
OK 11111111113
OK
OK 11111111111
OK 11111111111
 **********
 **    1 **SET PRINT           0
 **********
 **********
 **    2 **SET ERR         0.5
 **********
 PARAMETER DEFINITIONS:
    NO.   NAME         VALUE      STEP SIZE      LIMITS
     1 alpha_jpsi   5.86000e-01  1.00000e-03   -1.00000e+00  1.00000e+00
     2 dphi_jpsi    1.12100e+00  1.00000e-03   -3.14159e+00  3.14159e+00
OK 11111111111
     3 xi_alpha    -3.75600e-01  1.00000e-03   -1.00000e+00  0.00000e+00
     4 xi_phi       1.20000e-02  1.00000e-03   -3.14159e+00  3.14159e+00
     5 xib_alpha    3.75600e-01  1.00000e-03    0.00000e+00  1.00000e+00
     6 xib_phi     -1.20000e-02  1.00000e-03   -3.14159e+00  3.14159e+00
     7 L1_alpha     6.92000e-01  1.00000e-03    0.00000e+00  1.00000e+00
     8 L2_alpha    -7.51000e-01  1.00000e-03   -1.00000e+00  0.00000e+00
     9 L3_alpha     7.51000e-01  1.00000e-03    1.00000e+00  0.00000e+00
 MINUIT WARNING IN PARAM DEF
 ============== PARAMETER LIMITS WERE REVERSED.
 PARAMETER DEFINITIONS:
    NO.   NAME         VALUE      STEP SIZE      LIMITS
    10 L4_alpha    -6.92000e-01  1.00000e-03   -1.00000e+00  0.00000e+00
OK 11111111113
OK 11111111114
 **********
 **    3 **MINI
 **********
Loglike: 41063.1
0.579828 1.17688 -0.369896 -0.0369316 0.397381 -0.0719277 0.676635 -0.746128 0.743893 -0.686188 
 MIGRAD MINIMIZATION HAS CONVERGED.
 MIGRAD WILL VERIFY CONVERGENCE AND ERROR MATRIX.
Loglike: 41063
0.582939 1.19256 -0.369686 -0.0358549 0.397692 -0.0701101 0.678262 -0.741647 0.743633 -0.680078 
 FCN=41063 FROM MIGRAD    STATUS=CONVERGED     273 CALLS         274 TOTAL
                     EDM=6.37895e-06    STRATEGY= 1      ERROR MATRIX ACCURATE 
  EXT PARAMETER                                   STEP         FIRST   
  NO.   NAME      VALUE             ERROR          SIZE      DERIVATIVE 
    1  alpha_jpsi   5.82939e-01    1.78398e-02   2.77329e-03   1.48662e-02
    2  dphi_jpsi    1.19256e+00    6.20555e-02   2.66186e-03   9.21842e-03
    3  xi_alpha    -3.69686e-01    1.02245e-02   2.81674e-03   7.30300e-02
    4  xi_phi      -3.58549e-02    2.85995e-02   1.27139e-03  -1.96501e-02
    5  xib_alpha    3.97692e-01    1.02123e-02   2.75438e-03   2.55201e-02
    6  xib_phi     -7.01101e-02    2.93246e-02   1.30508e-03  -7.71017e-03
    7  L1_alpha     6.75751e-01    1.99483e-02   5.37078e-03  -2.83384e-03
    8  L2_alpha    -7.41647e-01    1.99603e-02   5.64570e-03   7.21490e-03
    9  L3_alpha     7.43633e-01    2.02395e-02   5.81191e-03   3.35397e-02
   10  L4_alpha    -6.80078e-01    1.99365e-02   5.40362e-03  -1.03233e-03
                               ERR DEF= 0.5
OK 11111111115
 **********
 **    4 **MINOS
 **********
Loglike: 41063.5
0.600778 1.21787 -0.369939 -0.0362317 0.398206 -0.0685729 0.673665 -0.739328 0.741696 -0.678103 
Loglike: 41063.5
0.589901 1.25462 -0.369842 -0.0371082 0.398132 -0.0704651 0.67389 -0.73645 0.741144 -0.678026 
Loglike: 41063.5
0.575314 1.13287 -0.369557 -0.0345213 0.3972 -0.0697513 0.677743 -0.744687 0.746335 -0.68486 
Loglike: 41063.5
0.580445 1.18977 -0.369741 -0.00725535 0.397732 -0.0689368 0.67564 -0.74187 0.743529 -0.680446 
Loglike: 41063.5
0.583822 1.19533 -0.371032 -0.0357408 0.407904 -0.070195 0.676667 -0.736427 0.743637 -0.675867 
Loglike: 41063.5
0.583001 1.19331 -0.369841 -0.0369992 0.396366 -0.0994347 0.675453 -0.741843 0.743412 -0.679988 
Loglike: 41063.5
0.584763 1.1984 -0.371627 -0.035724 0.397134 -0.0705505 0.655802 -0.750981 0.742384 -0.680234 
Loglike: 41063.5
0.581205 1.18426 -0.367174 -0.0359718 0.397685 -0.0697782 0.677023 -0.742024 0.763873 -0.673242 
Loglike: 41063.5
0.581172 1.18589 -0.368826 -0.0353273 0.395556 -0.0699779 0.675621 -0.743058 0.736762 -0.700014 
 FCN=41063 FROM MINOS     STATUS=SUCCESSFUL    842 CALLS        1116 TOTAL
                     EDM=6.37895e-06    STRATEGY= 1      ERROR MATRIX ACCURATE 
  EXT PARAMETER                  PARABOLIC         MINOS ERRORS        
  NO.   NAME      VALUE             ERROR      NEGATIVE      POSITIVE   
    1  alpha_jpsi   5.82939e-01    1.78398e-02  -1.79267e-02   1.77786e-02
    2  dphi_jpsi    1.19256e+00    6.20555e-02  -5.97807e-02   6.47322e-02
    3  xi_alpha    -3.69686e-01    1.02245e-02  -1.02590e-02   1.01951e-02
    4  xi_phi      -3.58549e-02    2.85995e-02  -2.85927e-02   2.86142e-02
    5  xib_alpha    3.97692e-01    1.02123e-02  -1.02075e-02   1.02162e-02
    6  xib_phi     -7.01101e-02    2.93246e-02  -2.93337e-02   2.93233e-02
    7  L1_alpha     6.75751e-01    1.99483e-02  -1.99154e-02   1.99860e-02
    8  L2_alpha    -7.41647e-01    1.99603e-02  -2.00376e-02   1.98998e-02
    9  L3_alpha     7.43633e-01    2.02395e-02  -2.02402e-02   2.02584e-02
   10  L4_alpha    -6.80078e-01    1.99365e-02  -2.00048e-02   1.98917e-02
                               ERR DEF= 0.5
OK 11111111115
 EXTERNAL ERROR MATRIX.    NDIM=  25    NPAR= 10    ERR DEF=0.5
  3.183e-04  4.523e-04 -4.515e-06 -6.723e-06  9.166e-06 -1.827e-06 -3.718e-05  4.131e-05 -3.452e-05  3.520e-05 
  4.523e-04  3.851e-03 -9.149e-06 -7.991e-05  2.872e-05 -2.194e-05 -1.211e-04  1.783e-04 -1.626e-04  1.329e-04 
 -4.515e-06 -9.149e-06  1.046e-04 -1.583e-06  4.086e-07  4.566e-06  4.003e-05  1.187e-06  4.947e-05  9.948e-06 
 -6.723e-06 -7.991e-05 -1.583e-06  8.180e-04  1.151e-06  3.356e-05 -3.172e-06 -6.376e-06 -2.989e-06 -1.052e-05 
  9.166e-06  2.872e-05  4.086e-07  1.151e-06  1.043e-04 -6.553e-07  1.008e-05  5.308e-05  9.692e-07  4.262e-05 
 -1.827e-06 -2.194e-05  4.566e-06  3.356e-05 -6.553e-07  8.600e-04  8.725e-06  5.755e-06  6.497e-06 -2.635e-06 
 -3.718e-05 -1.211e-04  4.003e-05 -3.172e-06  1.008e-05  8.725e-06  3.982e-04  1.383e-04  2.521e-05  2.596e-06 
  4.131e-05  1.783e-04  1.187e-06 -6.376e-06  5.308e-05  5.755e-06  1.383e-04  3.987e-04 -6.661e-06  2.817e-05 
 -3.452e-05 -1.626e-04  4.947e-05 -2.989e-06  9.692e-07  6.497e-06  2.521e-05 -6.661e-06  4.099e-04  1.364e-04 
  3.520e-05  1.329e-04  9.948e-06 -1.052e-05  4.262e-05 -2.635e-06  2.596e-06  2.817e-05  1.364e-04  3.977e-04 
 PARAMETER  CORRELATION COEFFICIENTS  
       NO.  GLOBAL      1      2      3      4      5      6      7      8      9     10
        1  0.43047   1.000  0.408 -0.025 -0.013  0.050 -0.003 -0.104  0.116 -0.096  0.099
        2  0.45383   0.408  1.000 -0.014 -0.045  0.045 -0.012 -0.098  0.144 -0.129  0.107
        3  0.31139  -0.025 -0.014  1.000 -0.005  0.004  0.015  0.196  0.006  0.239  0.049
        4  0.06365  -0.013 -0.045 -0.005  1.000  0.004  0.040 -0.006 -0.011 -0.005 -0.018
        5  0.33198   0.050  0.045  0.004  0.004  1.000 -0.002  0.049  0.260  0.005  0.209
        6  0.04734  -0.003 -0.012  0.015  0.040 -0.002  1.000  0.015  0.010  0.011 -0.005
        7  0.43511  -0.104 -0.098  0.196 -0.006  0.049  0.015  1.000  0.347  0.062  0.007
        8  0.46663   0.116  0.144  0.006 -0.011  0.260  0.010  0.347  1.000 -0.016  0.071
        9  0.44484  -0.096 -0.129  0.239 -0.005  0.005  0.011  0.062 -0.016  1.000  0.338
       10  0.42902   0.099  0.107  0.049 -0.018  0.209 -0.005  0.007  0.071  0.338  1.000
OK 11111111115
0   0
0   /data/liul/workarea/XIXI/fit/boost/2012/xixipm/v1/mdiy/mdiy30x.root mdiy 2012  xixipm
/data/liul/workarea/XIXI/fit/boost/2012/xixipm/v1/mdiy/mdiy30x.root
Finish
0   0
1   /data/liul/workarea/XIXI/fit/boost/2012/xixipm/v1/phsp/phsp30x.root phsp 2012  xixipm
/data/liul/workarea/XIXI/fit/boost/2012/xixipm/v1/phsp/phsp30x.root
Finish
0   0
2   /data/liul/workarea/XIXI/fit/boost/2012/xixipm/v1/bkg1/bkg30x.root bkg1 2012  xixipm
/data/liul/workarea/XIXI/fit/boost/2012/xixipm/v1/bkg1/bkg30x.root
Finish
0   1
3   /data/liul/workarea/XIXI/fit/boost/2012/xixipp/v1/mdiy/mdiy30x.root mdiy 2012  xixipp
/data/liul/workarea/XIXI/fit/boost/2012/xixipp/v1/mdiy/mdiy30x.root
Finish
0   1
4   /data/liul/workarea/XIXI/fit/boost/2012/xixipp/v1/phsp/phsp30x.root phsp 2012  xixipp
/data/liul/workarea/XIXI/fit/boost/2012/xixipp/v1/phsp/phsp30x.root
Finish
0   1
5   /data/liul/workarea/XIXI/fit/boost/2012/xixipp/v1/bkg1/bkg30x.root bkg1 2012  xixipp
/data/liul/workarea/XIXI/fit/boost/2012/xixipp/v1/bkg1/bkg30x.root
Finish
N[0][0] : 20388
N[0][1] : 654635
N[0][2] : 143517
N[0][3] : 19052
N[0][4] : 620876
N[0][5] : 112184
out.txt
OK 11111111113
OK
OK 11111111111
OK 11111111111
 **********
 **    1 **SET PRINT           0
 **********
 **********
 **    2 **SET ERR         0.5
 **********
 PARAMETER DEFINITIONS:
    NO.   NAME         VALUE      STEP SIZE      LIMITS
     1 alpha_jpsi   5.86000e-01  1.00000e-03   -1.00000e+00  1.00000e+00
     2 dphi_jpsi    1.12100e+00  1.00000e-03   -3.14159e+00  3.14159e+00
OK 11111111111
     3 xi_alpha    -3.75600e-01  1.00000e-03   -1.00000e+00  0.00000e+00
     4 xi_phi       1.20000e-02  1.00000e-03   -3.14159e+00  3.14159e+00
     5 xib_alpha    3.75600e-01  1.00000e-03    0.00000e+00  1.00000e+00
     6 xib_phi     -1.20000e-02  1.00000e-03   -3.14159e+00  3.14159e+00
     7 L1_alpha     6.92000e-01  1.00000e-03    0.00000e+00  1.00000e+00
     8 L2_alpha    -7.51000e-01  1.00000e-03   -1.00000e+00  0.00000e+00
     9 L3_alpha     7.51000e-01  1.00000e-03    1.00000e+00  0.00000e+00
 MINUIT WARNING IN PARAM DEF
 ============== PARAMETER LIMITS WERE REVERSED.
 PARAMETER DEFINITIONS:
    NO.   NAME         VALUE      STEP SIZE      LIMITS
    10 L4_alpha    -6.92000e-01  1.00000e-03   -1.00000e+00  0.00000e+00
OK 11111111113
OK 11111111114
 **********
 **    3 **MINI
 **********
Loglike: 52130.7
0.591864 1.10644 -0.36731 0.0476322 0.376939 0.0201637 0.669119 -0.736303 0.759669 -0.711083 
 MIGRAD MINIMIZATION HAS CONVERGED.
 MIGRAD WILL VERIFY CONVERGENCE AND ERROR MATRIX.
Loglike: 52130.7
0.59133 1.09696 -0.367029 0.0486552 0.376271 0.0210848 0.66928 -0.734133 0.758513 -0.711041 
 FCN=52130.7 FROM MIGRAD    STATUS=CONVERGED     253 CALLS         254 TOTAL
                     EDM=3.44923e-06    STRATEGY= 1      ERROR MATRIX ACCURATE 
  EXT PARAMETER                                   STEP         FIRST   
  NO.   NAME      VALUE             ERROR          SIZE      DERIVATIVE 
    1  alpha_jpsi   5.91330e-01    1.82010e-02   3.17268e-03  -5.91590e-04
    2  dphi_jpsi    1.09696e+00    5.70038e-02   2.69690e-03   4.20233e-02
    3  xi_alpha    -3.67029e-01    1.02218e-02   3.17781e-03   6.65778e-02
    4  xi_phi       4.86552e-02    2.83082e-02   1.41987e-03  -5.68586e-02
    5  xib_alpha    3.76271e-01    1.01675e-02   3.12760e-03   8.77757e-03
    6  xib_phi      2.10848e-02    2.86770e-02   1.43764e-03  -3.63538e-02
    7  L1_alpha     6.69280e-01    2.04822e-02   6.13151e-03   9.97040e-03
    8  L2_alpha    -7.37000e-01    2.05489e-02   6.50073e-03  -1.06082e-02
    9  L3_alpha     7.58513e-01    2.05495e-02   6.58809e-03   6.56501e-03
   10  L4_alpha    -7.11041e-01    2.04929e-02   6.29994e-03  -7.31031e-03
                               ERR DEF= 0.5
OK 11111111115
 **********
 **    4 **MINOS
 **********
Loglike: 52131.2
