/data/liul/workarea/XIXI/Rec3/mdiyRecpm2012.root
/data/liul/workarea/XIXI/Bkg/mdiyRecpm2012.root
/data/liul/workarea/XIXI/Rec4/phspRecpm2012.root
/data/liul/workarea/XIXI/Rec3/mdiyRecpp2012.root
/data/liul/workarea/XIXI/Bkg/mdiyRecpp2012.root
/data/liul/workarea/XIXI/Rec4/phspRecpp2012.root
out.txt
OK 11111111111
Warning in <TClass::TClass>: no dictionary for class ROOT::TIOFeatures is available
/data/liul/workarea/XIXI/Rec3/mdiyRecpm2012.root, DATA, 2012, number : 26072
/data/liul/workarea/XIXI/Bkg/mdiyRecpm2012.root, BKG, 2012, number : 133284
/data/liul/workarea/XIXI/Rec4/phspRecpm2012.root, PHSP, 2012, number : 691344
/data/liul/workarea/XIXI/Rec3/mdiyRecpp2012.root, DATA, 2012, number : 23940
/data/liul/workarea/XIXI/Bkg/mdiyRecpp2012.root, BKG, 2012, number : 104947
/data/liul/workarea/XIXI/Rec4/phspRecpp2012.root, PHSP, 2012, number : 657824
N[0][0] : 26072
N[0][1] : 133284
N[0][2] : 691344
N[0][3] : 23940
N[0][4] : 104947
N[0][5] : 657824
OK 11111111113
OK
OK 11111111111
OK 11111111111
 **********
 **    1 **SET PRINT           0
 **********
 **********
 **    2 **SET ERR         0.5
 **********
 PARAMETER DEFINITIONS:
    NO.   NAME         VALUE      STEP SIZE      LIMITS
     1 alpha_jpsi   5.86000e-01  1.00000e-03   -1.00000e+00  1.00000e+00
     2 dphi_jpsi    1.12100e+00  1.00000e-03   -3.14159e+00  3.14159e+00
OK 11111111111
     3 xi_alpha    -3.75600e-01  1.00000e-03   -1.00000e+00  0.00000e+00
     4 xi_phi       1.20000e-02  1.00000e-03   -3.14159e+00  3.14159e+00
     5 xib_alpha    3.75600e-01  1.00000e-03    0.00000e+00  1.00000e+00
     6 xib_phi     -1.20000e-02  1.00000e-03   -3.14159e+00  3.14159e+00
     7 L1_alpha     6.92000e-01  1.00000e-03    0.00000e+00  1.00000e+00
     8 L2_alpha    -7.51000e-01  1.00000e-03   -1.00000e+00  0.00000e+00
     9 L3_alpha     7.51000e-01  1.00000e-03    1.00000e+00  0.00000e+00
 MINUIT WARNING IN PARAM DEF
 ============== PARAMETER LIMITS WERE REVERSED.
 PARAMETER DEFINITIONS:
    NO.   NAME         VALUE      STEP SIZE      LIMITS
    10 L4_alpha    -6.92000e-01  1.00000e-03   -1.00000e+00  0.00000e+00
OK 11111111113
OK 11111111114
 **********
 **    3 **MINI
 **********
Loglike: -2770
0.586 1.121 -0.3756 0.012 0.3756 -0.012 0.692 -0.751 0.751 -0.692 
Loglike: -2776.99
0.560834 1.18503 -0.381469 0.0600129 0.362174 -0.000246011 0.66372 -0.745738 0.758737 -0.691345 
 MIGRAD MINIMIZATION HAS CONVERGED.
 MIGRAD WILL VERIFY CONVERGENCE AND ERROR MATRIX.
Loglike: -2777
0.56071 1.18644 -0.381926 0.0578757 0.362053 -0.00124876 0.663045 -0.746747 0.758342 -0.692444 
 FCN=-2777 FROM MIGRAD    STATUS=CONVERGED     263 CALLS         264 TOTAL
                     EDM=2.23256e-06    STRATEGY= 1      ERROR MATRIX ACCURATE 
  EXT PARAMETER                                   STEP         FIRST   
  NO.   NAME      VALUE            ERROR          SIZE      DERIVATIVE 
   1  alpha_jpsi   5.60710e-01   1.70702e-02   6.84595e-04   3.65846e-02
   2  dphi_jpsi    1.18644e+00   5.63664e-02   6.36900e-04   1.15647e-02
   3  xi_alpha    -3.81858e-01   9.97735e-03   7.06114e-04  -4.23808e-02
   4  xi_phi       5.78757e-02   2.84795e-02   3.29432e-04  -3.61712e-03
   5  xib_alpha    3.62053e-01   9.95481e-03   7.12087e-04  -2.15411e-02
   6  xib_phi     -1.24876e-03   2.76802e-02   3.20031e-04  -6.62648e-02
   7  L1_alpha     6.63045e-01   1.97150e-02   1.34633e-03   6.03291e-03
   8  L2_alpha    -7.46747e-01   2.01548e-02   1.47219e-03   8.22013e-03
   9  L3_alpha     7.58342e-01   1.98216e-02   1.48778e-03   1.11746e-02
  10  L4_alpha    -6.92444e-01   1.98220e-02   1.39940e-03   4.87657e-03
                               ERR DEF= 0.5
OK 11111111115
 **********
 **    4 **MINOS
 **********
Loglike: -2776.49
0.577781 1.20848 -0.381938 0.0578889 0.362426 -0.00131547 0.661616 -0.74478 0.757207 -0.690076 
Loglike: -2776.5
0.567248 1.2448 -0.38203 0.0584436 0.362268 -0.000933352 0.661504 -0.744214 0.75564 -0.690494 
Loglike: -2776.5
0.560562 1.18545 -0.37188 0.0587597 0.362283 -0.000983885 0.667665 -0.745844 0.762888 -0.691548 
Loglike: -2776.5
0.560708 1.18768 -0.381951 0.0863552 0.362141 -0.00159906 0.662868 -0.746303 0.758509 -0.692179 
Loglike: -2776.5
0.560071 1.1852 -0.382088 0.0576303 0.352098 -0.000249576 0.661123 -0.752469 0.758244 -0.695725 
Loglike: -2776.5
0.560737 1.18584 -0.381948 0.0572354 0.362098 -0.0289289 0.663575 -0.747278 0.758252 -0.691847 
Loglike: -2776.49
0.562376 1.1937 -0.381411 0.0584865 0.364891 -0.000355991 0.669949 -0.726592 0.758191 -0.691184 
Loglike: -2776.5
0.562225 1.19421 -0.384154 0.0574632 0.362003 -0.00131593 0.661748 -0.746593 0.738521 -0.69978 
Loglike: -2776.5
0.558667 1.18067 -0.381919 0.0575514 0.360323 -0.00057408 0.662756 -0.74809 0.7509 -0.712266 
 FCN=-2777 FROM MINOS     STATUS=SUCCESSFUL    850 CALLS        1114 TOTAL
                     EDM=2.23256e-06    STRATEGY= 1      ERROR MATRIX ACCURATE 
  EXT PARAMETER                  PARABOLIC         MINOS ERRORS        
  NO.   NAME      VALUE            ERROR      NEGATIVE      POSITIVE   
   1  alpha_jpsi   5.60710e-01   1.70702e-02  -1.71366e-02   1.70139e-02
   2  dphi_jpsi    1.18644e+00   5.63664e-02  -5.46703e-02   5.84309e-02
   3  xi_alpha    -3.81858e-01   9.97735e-03  -9.98329e-03   9.97367e-03
   4  xi_phi       5.78757e-02   2.84795e-02  -2.84826e-02   2.84784e-02
   5  xib_alpha    3.62053e-01   9.95481e-03  -9.94113e-03   9.96910e-03
   6  xib_phi     -1.24876e-03   2.76802e-02  -2.76527e-02   2.76843e-02
   7  L1_alpha     6.63045e-01   1.97150e-02  -1.96662e-02   1.97749e-02
   8  L2_alpha    -7.46747e-01   2.01548e-02  -2.02332e-02   2.00935e-02
   9  L3_alpha     7.58342e-01   1.98216e-02  -1.97865e-02   1.98765e-02
  10  L4_alpha    -6.92444e-01   1.98220e-02  -1.98782e-02   1.97826e-02
                               ERR DEF= 0.5
OK 11111111115
 EXTERNAL ERROR MATRIX.    NDIM=  25    NPAR= 10    ERR DEF=0.5
  2.914e-04  3.717e-04 -1.480e-06  5.740e-07  6.361e-06 -1.299e-06 -2.388e-05  3.361e-05 -3.006e-05  4.004e-05 
  3.717e-04  3.178e-03 -9.815e-06  3.431e-05  1.232e-05  1.723e-05 -8.508e-05  1.465e-04 -1.542e-04  1.098e-04 
 -1.480e-06 -9.815e-06  9.956e-05 -1.510e-06  2.298e-06  2.643e-06  4.618e-05  9.008e-06  4.550e-05  8.935e-06 
  5.740e-07  3.431e-05 -1.510e-06  8.111e-04  2.444e-06  1.820e-05 -1.189e-06  1.231e-05  8.180e-06  6.592e-06 
  6.361e-06  1.232e-05  2.298e-06  2.444e-06  9.911e-05  1.083e-07  1.911e-05  5.718e-05  9.836e-07  3.272e-05 
 -1.299e-06  1.723e-05  2.643e-06  1.820e-05  1.083e-07  7.662e-04  2.005e-06  1.800e-05  1.332e-06 -1.302e-05 
 -2.388e-05 -8.508e-05  4.618e-05 -1.189e-06  1.911e-05  2.005e-06  3.889e-04  1.524e-04  2.570e-05  5.747e-06 
  3.361e-05  1.465e-04  9.008e-06  1.231e-05  5.718e-05  1.800e-05  1.524e-04  4.065e-04 -3.053e-06  2.539e-05 
 -3.006e-05 -1.542e-04  4.550e-05  8.180e-06  9.836e-07  1.332e-06  2.570e-05 -3.053e-06  3.932e-04  1.460e-04 
  4.004e-05  1.098e-04  8.935e-06  6.592e-06  3.272e-05 -1.302e-05  5.747e-06  2.539e-05  1.460e-04  3.932e-04 
 PARAMETER  CORRELATION COEFFICIENTS  
       NO.  GLOBAL      1      2      3      4      5      6      7      8      9     10
        1  0.40925   1.000  0.386 -0.009  0.001  0.037 -0.003 -0.071  0.098 -0.089  0.118
        2  0.43288   0.386  1.000 -0.017  0.021  0.022  0.011 -0.077  0.129 -0.138  0.098
        3  0.32783  -0.009 -0.017  1.000 -0.005  0.023  0.010  0.235  0.045  0.230  0.045
        4  0.04304   0.001  0.021 -0.005  1.000  0.009  0.023 -0.002  0.021  0.014  0.012
        5  0.32831   0.037  0.022  0.023  0.009  1.000  0.000  0.097  0.285  0.005  0.166
        6  0.05239  -0.003  0.011  0.010  0.023  0.000  1.000  0.004  0.032  0.002 -0.024
        7  0.46232  -0.071 -0.077  0.235 -0.002  0.097  0.004  1.000  0.383  0.066  0.015
        8  0.48865   0.098  0.129  0.045  0.021  0.285  0.032  0.383  1.000 -0.008  0.064
        9  0.47047  -0.089 -0.138  0.230  0.014  0.005  0.002  0.066 -0.008  1.000  0.371
       10  0.44581   0.118  0.098  0.045  0.012  0.166 -0.024  0.015  0.064  0.371  1.000
OK 11111111115
out.txt
OK 11111111111
/data/liul/workarea/XIXI/Rec3/mdiyRecpm2012.root, DATA, 2012, number : 26072
/data/liul/workarea/XIXI/Bkg/mdiyRecpm2012.root, BKG, 2012, number : 133284
/data/liul/workarea/XIXI/Rec3/mdiyRecpp2012.root, DATA, 2012, number : 23940
/data/liul/workarea/XIXI/Bkg/mdiyRecpp2012.root, BKG, 2012, number : 104947
N[0][0] : 26072
N[0][1] : 133284
N[0][2] : 691344
N[0][3] : 23940
N[0][4] : 104947
N[0][5] : 657824
OK 11111111113
OK
OK 11111111111
OK 11111111111
 **********
 **    1 **SET PRINT           0
 **********
 **********
 **    2 **SET ERR         0.5
 **********
 PARAMETER DEFINITIONS:
    NO.   NAME         VALUE      STEP SIZE      LIMITS
     1 alpha_jpsi   5.86000e-01  1.00000e-03   -1.00000e+00  1.00000e+00
     2 dphi_jpsi    1.12100e+00  1.00000e-03   -3.14159e+00  3.14159e+00
OK 11111111111
     3 xi_alpha    -3.75600e-01  1.00000e-03   -1.00000e+00  0.00000e+00
     4 xi_phi       1.20000e-02  1.00000e-03   -3.14159e+00  3.14159e+00
     5 xib_alpha    3.75600e-01  1.00000e-03    0.00000e+00  1.00000e+00
     6 xib_phi     -1.20000e-02  1.00000e-03   -3.14159e+00  3.14159e+00
     7 L1_alpha     6.92000e-01  1.00000e-03    0.00000e+00  1.00000e+00
     8 L2_alpha    -7.51000e-01  1.00000e-03   -1.00000e+00  0.00000e+00
     9 L3_alpha     7.51000e-01  1.00000e-03    1.00000e+00  0.00000e+00
 MINUIT WARNING IN PARAM DEF
 ============== PARAMETER LIMITS WERE REVERSED.
 PARAMETER DEFINITIONS:
    NO.   NAME         VALUE      STEP SIZE      LIMITS
    10 L4_alpha    -6.92000e-01  1.00000e-03   -1.00000e+00  0.00000e+00
OK 11111111113
OK 11111111114
 **********
 **    3 **MINI
 **********
Loglike: -2780.88
0.580249 1.16987 -0.370018 0.00603265 0.38012 -0.00501034 0.700859 -0.759295 0.729461 -0.705019 
 MIGRAD MINIMIZATION HAS CONVERGED.
 MIGRAD WILL VERIFY CONVERGENCE AND ERROR MATRIX.
Loglike: -2780.88
0.580307 1.17112 -0.369978 0.00620838 0.379988 -0.00486648 0.700561 -0.759191 0.728871 -0.70468 
 FCN=-2780.88 FROM MIGRAD    STATUS=CONVERGED     274 CALLS         275 TOTAL
                     EDM=2.15949e-06    STRATEGY= 1      ERROR MATRIX ACCURATE 
  EXT PARAMETER                                   STEP         FIRST   
  NO.   NAME      VALUE            ERROR          SIZE      DERIVATIVE 
   1  alpha_jpsi   5.80307e-01   1.73001e-02   6.96781e-04   6.72733e-04
   2  dphi_jpsi    1.17112e+00   6.03636e-02   6.70522e-04  -5.41383e-02
   3  xi_alpha    -3.70320e-01   9.81284e-03   7.09390e-04  -1.39923e-02
   4  xi_phi       6.20838e-03   2.70173e-02   3.12662e-04   2.02718e-02
   5  xib_alpha    3.79988e-01   9.75108e-03   6.93333e-04   4.08683e-02
   6  xib_phi     -4.86648e-03   2.73723e-02   3.16153e-04   8.58009e-03
   7  L1_alpha     7.00561e-01   1.90875e-02   1.36048e-03  -7.17309e-04
   8  L2_alpha    -7.59191e-01   1.92972e-02   1.44098e-03  -5.53552e-03
   9  L3_alpha     7.28871e-01   1.98639e-02   1.45380e-03  -8.54816e-03
  10  L4_alpha    -7.04680e-01   1.99007e-02   1.42459e-03  -4.06349e-03
                               ERR DEF= 0.5
OK 11111111115
 **********
 **    4 **MINOS
 **********
Loglike: -2780.38
0.597607 1.19625 -0.370176 0.00583546 0.380197 -0.00398679 0.699289 -0.757206 0.727318 -0.702645 
Loglike: -2780.42
0.58723 1.23149 -0.370292 0.00649923 0.380303 -0.00444318 0.699589 -0.75651 0.726699 -0.702692 
Loglike: -2780.38
0.572847 1.11326 -0.370323 0.00587658 0.379631 -0.00531003 0.702261 -0.762148 0.730668 -0.706769 
Loglike: -2780.38
0.580034 1.171 -0.380133 0.00632254 0.379971 -0.00463648 0.697052 -0.759387 0.72472 -0.704557 
Loglike: -2780.38
0.580662 1.17513 -0.370305 0.00633776 0.389739 -0.00476561 0.701473 -0.754206 0.729245 -0.700789 
Loglike: -2780.38
0.580848 1.17213 -0.370405 0.00775438 0.380063 0.0225058 0.700105 -0.758612 0.72928 -0.705634 
Loglike: -2780.38
0.581674 1.17425 -0.372011 0.00634054 0.379453 -0.00426267 0.681474 -0.766282 0.727923 -0.704758 
Loglike: -2780.39
0.578955 1.16406 -0.368299 0.00613669 0.380527 -0.00427 0.701517 -0.759373 0.748735 -0.697393 
Loglike: -2780.38
0.582065 1.17721 -0.369996 0.00602905 0.381772 -0.00549388 0.700014 -0.757985 0.736032 -0.684779 
 FCN=-2780.88 FROM MINOS     STATUS=SUCCESSFUL    854 CALLS        1129 TOTAL
                     EDM=2.15949e-06    STRATEGY= 1      ERROR MATRIX ACCURATE 
  EXT PARAMETER                  PARABOLIC         MINOS ERRORS        
  NO.   NAME      VALUE            ERROR      NEGATIVE      POSITIVE   
   1  alpha_jpsi   5.80307e-01   1.73001e-02  -1.73409e-02   1.72623e-02
   2  dphi_jpsi    1.17112e+00   6.03636e-02  -5.79556e-02   6.31878e-02
   3  xi_alpha    -3.70320e-01   9.81284e-03  -9.82058e-03   9.80748e-03
   4  xi_phi       6.20838e-03   2.70173e-02  -2.70309e-02   2.70379e-02
   5  xib_alpha    3.79988e-01   9.75108e-03  -9.74721e-03   9.75561e-03
   6  xib_phi     -4.86648e-03   2.73723e-02  -2.73807e-02   2.73693e-02
   7  L1_alpha     7.00561e-01   1.90875e-02  -1.90512e-02   1.91348e-02
   8  L2_alpha    -7.59191e-01   1.92972e-02  -1.93550e-02   1.92553e-02
   9  L3_alpha     7.28871e-01   1.98639e-02  -1.98181e-02   1.99264e-02
  10  L4_alpha    -7.04680e-01   1.99007e-02  -1.99486e-02   1.98694e-02
                               ERR DEF= 0.5
OK 11111111115
 EXTERNAL ERROR MATRIX.    NDIM=  25    NPAR= 10    ERR DEF=0.5
  2.993e-04  4.355e-04  2.494e-06 -6.452e-06  3.610e-06  1.522e-05 -2.630e-05  3.431e-05 -2.683e-05  3.516e-05 
  4.355e-04  3.644e-03  8.998e-07  1.870e-05  2.028e-05  2.629e-05 -1.002e-04  1.705e-04 -1.402e-04  1.234e-04 
  2.494e-06  8.998e-07  9.631e-05 -1.141e-06  1.685e-07 -2.326e-06  3.384e-05  2.406e-06  4.018e-05  5.667e-06 
 -6.452e-06  1.870e-05 -1.141e-06  7.300e-04  1.279e-06  4.189e-05 -2.584e-06  1.144e-05 -1.424e-06 -3.365e-06 
  3.610e-06  2.028e-05  1.685e-07  1.279e-06  9.510e-05  1.064e-06  9.411e-06  4.821e-05  4.057e-06  3.736e-05 
  1.522e-05  2.629e-05 -2.326e-06  4.189e-05  1.064e-06  7.493e-04 -1.150e-05  1.289e-05  1.185e-05 -1.181e-05 
 -2.630e-05 -1.002e-04  3.384e-05 -2.584e-06  9.411e-06 -1.150e-05  3.645e-04  1.369e-04  1.901e-05  1.369e-06 
  3.431e-05  1.705e-04  2.406e-06  1.144e-05  4.821e-05  1.289e-05  1.369e-04  3.726e-04 -3.618e-06  2.498e-05 
 -2.683e-05 -1.402e-04  4.018e-05 -1.424e-06  4.057e-06  1.185e-05  1.901e-05 -3.618e-06  3.948e-04  1.443e-04 
  3.516e-05  1.234e-04  5.667e-06 -3.365e-06  3.736e-05 -1.181e-05  1.369e-06  2.498e-05  1.443e-04  3.963e-04 
 PARAMETER  CORRELATION COEFFICIENTS  
       NO.  GLOBAL      1      2      3      4      5      6      7      8      9     10
        1  0.43454   1.000  0.417  0.015 -0.014  0.021  0.032 -0.080  0.103 -0.078  0.102
        2  0.45981   0.417  1.000  0.002  0.011  0.034  0.016 -0.087  0.146 -0.117  0.103
        3  0.28503   0.015  0.002  1.000 -0.004  0.002 -0.009  0.181  0.013  0.206  0.029
        4  0.06646  -0.014  0.011 -0.004  1.000  0.005  0.057 -0.005  0.022 -0.003 -0.006
        5  0.31944   0.021  0.034  0.002  0.005  1.000  0.004  0.051  0.256  0.021  0.192
        6  0.08867   0.032  0.016 -0.009  0.057  0.004  1.000 -0.022  0.024  0.022 -0.022
        7  0.44386  -0.080 -0.087  0.181 -0.005  0.051 -0.022  1.000  0.372  0.050  0.004
        8  0.48147   0.103  0.146  0.013  0.022  0.256  0.024  0.372  1.000 -0.009  0.065
        9  0.44992  -0.078 -0.117  0.206 -0.003  0.021  0.022  0.050 -0.009  1.000  0.365
       10  0.44327   0.102  0.103  0.029 -0.006  0.192 -0.022  0.004  0.065  0.365  1.000
OK 11111111115
out.txt
OK 11111111111
/data/liul/workarea/XIXI/Rec3/mdiyRecpm2012.root, DATA, 2012, number : 26072
/data/liul/workarea/XIXI/Bkg/mdiyRecpm2012.root, BKG, 2012, number : 133284
/data/liul/workarea/XIXI/Rec3/mdiyRecpp2012.root, DATA, 2012, number : 23940
/data/liul/workarea/XIXI/Bkg/mdiyRecpp2012.root, BKG, 2012, number : 104947
N[0][0] : 26072
N[0][1] : 133284
N[0][2] : 691344
N[0][3] : 23940
N[0][4] : 104947
N[0][5] : 657824
OK 11111111113
OK
OK 11111111111
OK 11111111111
 **********
 **    1 **SET PRINT           0
 **********
 **********
 **    2 **SET ERR         0.5
 **********
 PARAMETER DEFINITIONS:
    NO.   NAME         VALUE      STEP SIZE      LIMITS
     1 alpha_jpsi   5.86000e-01  1.00000e-03   -1.00000e+00  1.00000e+00
     2 dphi_jpsi    1.12100e+00  1.00000e-03   -3.14159e+00  3.14159e+00
OK 11111111111
     3 xi_alpha    -3.75600e-01  1.00000e-03   -1.00000e+00  0.00000e+00
     4 xi_phi       1.20000e-02  1.00000e-03   -3.14159e+00  3.14159e+00
     5 xib_alpha    3.75600e-01  1.00000e-03    0.00000e+00  1.00000e+00
     6 xib_phi     -1.20000e-02  1.00000e-03   -3.14159e+00  3.14159e+00
     7 L1_alpha     6.92000e-01  1.00000e-03    0.00000e+00  1.00000e+00
     8 L2_alpha    -7.51000e-01  1.00000e-03   -1.00000e+00  0.00000e+00
     9 L3_alpha     7.51000e-01  1.00000e-03    1.00000e+00  0.00000e+00
 MINUIT WARNING IN PARAM DEF
 ============== PARAMETER LIMITS WERE REVERSED.
 PARAMETER DEFINITIONS:
    NO.   NAME         VALUE      STEP SIZE      LIMITS
    10 L4_alpha    -6.92000e-01  1.00000e-03   -1.00000e+00  0.00000e+00
OK 11111111113
OK 11111111114
 **********
 **    3 **MINI
 **********
Loglike: -2789.1
0.587683 1.13071 -0.361945 -0.0524329 0.397041 -0.0598145 0.67051 -0.7566 0.735658 -0.682445 
Loglike: -2789.54
0.596329 1.16701 -0.364765 -0.0503033 0.398517 -0.0678551 0.670761 -0.754068 0.741864 -0.675176 
 MIGRAD MINIMIZATION HAS CONVERGED.
 MIGRAD WILL VERIFY CONVERGENCE AND ERROR MATRIX.
Loglike: -2789.54
0.596902 1.16701 -0.364765 -0.0492919 0.398517 -0.0678551 0.670761 -0.754068 0.741864 -0.674538 
 FCN=-2789.55 FROM MIGRAD    STATUS=CONVERGED     265 CALLS         266 TOTAL
                     EDM=1.97543e-06    STRATEGY= 1      ERROR MATRIX ACCURATE 
  EXT PARAMETER                                   STEP         FIRST   
  NO.   NAME      VALUE            ERROR          SIZE      DERIVATIVE 
   1  alpha_jpsi   5.96329e-01   1.76239e-02   7.14177e-04   2.32829e-02
   2  dphi_jpsi    1.16701e+00   6.14307e-02   6.75889e-04  -5.12758e-03
   3  xi_alpha    -3.64765e-01   9.94214e-03   7.16340e-04   2.69969e-02
   4  xi_phi      -4.92919e-02   2.78093e-02   3.21985e-04   2.61243e-02
   5  xib_alpha    3.98517e-01   9.92822e-03   6.96732e-04  -3.44681e-02
   6  xib_phi     -6.78551e-02   2.82064e-02   3.26598e-04   2.40100e-02
   7  L1_alpha     6.70761e-01   1.92052e-02   1.33755e-03   1.27617e-02
   8  L2_alpha    -7.54068e-01   1.94629e-02   1.44776e-03  -4.65778e-03
   9  L3_alpha     7.41864e-01   1.98432e-02   1.47343e-03   1.41932e-02
  10  L4_alpha    -6.75176e-01   1.94251e-02   1.36066e-03  -2.10060e-03
                               ERR DEF= 0.5
OK 11111111115
 **********
 **    4 **MINOS
 **********
Loglike: -2789.08
0.603924 1.22844 -0.364867 -0.0504191 0.398936 -0.0685444 0.668324 -0.75124 0.739256 -0.672933 
Loglike: -2789
0.58842 1.10558 -0.364668 -0.0481213 0.398084 -0.0671683 0.672607 -0.757021 0.744566 -0.676867 
Loglike: -2789.05
0.596647 1.16754 -0.374708 -0.0491177 0.398406 -0.0688561 0.667199 -0.754124 0.736914 -0.676354 
Loglike: -2789.05
0.597072 1.1696 -0.364298 -0.0492444 0.408445 -0.0679214 0.672048 -0.748863 0.742026 -0.671089 
Loglike: -2789.04
0.596172 1.16556 -0.364082 -0.0479253 0.398547 -0.0396487 0.671205 -0.753827 0.742369 -0.675071 
Loglike: -2789.04
0.5981 1.17277 -0.366578 -0.0487699 0.39751 -0.0685714 0.651556 -0.761122 0.74065 -0.675408 
Loglike: -2789.05
0.594267 1.15778 -0.364778 -0.0489829 0.395793 -0.0680308 0.663682 -0.773531 0.74286 -0.676641 
Loglike: -2789.04
0.598645 1.1739 -0.364118 -0.0499553 0.400524 -0.0678963 0.670981 -0.752695 0.748606 -0.655751 
 FCN=-2789.55 FROM MINOS     STATUS=SUCCESSFUL    847 CALLS        1113 TOTAL
                     EDM=1.97543e-06    STRATEGY= 1      ERROR MATRIX ACCURATE 
  EXT PARAMETER                  PARABOLIC         MINOS ERRORS        
  NO.   NAME      VALUE            ERROR      NEGATIVE      POSITIVE   
   1  alpha_jpsi   5.96329e-01   1.76239e-02  -1.76918e-02   1.75501e-02
   2  dphi_jpsi    1.16701e+00   6.14307e-02  -5.89885e-02   6.41189e-02
   3  xi_alpha    -3.64765e-01   9.94214e-03  -9.96240e-03   9.92439e-03
   4  xi_phi      -4.92919e-02   2.78093e-02  -2.78103e-02   2.78138e-02
   5  xib_alpha    3.98517e-01   9.92822e-03  -9.91193e-03   9.94549e-03
   6  xib_phi     -6.78551e-02   2.82064e-02  -2.82352e-02   2.81979e-02
   7  L1_alpha     6.70761e-01   1.92052e-02  -1.91786e-02   1.92405e-02
   8  L2_alpha    -7.54068e-01   1.94629e-02  -1.95282e-02   1.94124e-02
   9  L3_alpha     7.41864e-01   1.98432e-02  -1.98181e-02   1.98843e-02
  10  L4_alpha    -6.75176e-01   1.94251e-02  -1.94762e-02   1.93890e-02
                               ERR DEF= 0.5
OK 11111111115
 EXTERNAL ERROR MATRIX.    NDIM=  25    NPAR= 10    ERR DEF=0.5
  3.107e-04  4.682e-04 -3.455e-06 -1.933e-06  7.380e-06 -3.945e-06 -3.405e-05  3.931e-05 -3.707e-05  3.444e-05 
  4.682e-04  3.774e-03 -6.253e-06 -6.925e-05  2.573e-05 -4.234e-05 -1.108e-04  1.735e-04 -1.600e-04  1.377e-04 
 -3.455e-06 -6.253e-06  9.886e-05 -1.809e-06  1.214e-06  9.774e-06  3.479e-05  1.074e-06  4.864e-05  1.221e-05 
 -1.933e-06 -6.925e-05 -1.809e-06  7.734e-04  4.718e-07  3.907e-05 -1.003e-05 -5.877e-06  5.026e-07 -1.262e-05 
  7.380e-06  2.573e-05  1.214e-06  4.718e-07  9.858e-05 -6.582e-07  1.278e-05  5.150e-05  1.603e-06  4.051e-05 
 -3.945e-06 -4.234e-05  9.774e-06  3.907e-05 -6.582e-07  7.956e-04  1.376e-05  3.509e-06  1.568e-05 -3.927e-07 
 -3.405e-05 -1.108e-04  3.479e-05 -1.003e-05  1.278e-05  1.376e-05  3.690e-04  1.362e-04  2.331e-05  4.456e-06 
  3.931e-05  1.735e-04  1.074e-06 -5.877e-06  5.150e-05  3.509e-06  1.362e-04  3.791e-04 -6.546e-06  2.769e-05 
 -3.707e-05 -1.600e-04  4.864e-05  5.026e-07  1.603e-06  1.568e-05  2.331e-05 -6.546e-06  3.940e-04  1.331e-04 
  3.444e-05  1.377e-04  1.221e-05 -1.262e-05  4.051e-05 -3.927e-07  4.456e-06  2.769e-05  1.331e-04  3.776e-04 
 PARAMETER  CORRELATION COEFFICIENTS  
       NO.  GLOBAL      1      2      3      4      5      6      7      8      9     10
        1  0.45238   1.000  0.432 -0.020 -0.004  0.042 -0.008 -0.101  0.115 -0.106  0.101
        2  0.47501   0.432  1.000 -0.010 -0.041  0.042 -0.024 -0.094  0.145 -0.131  0.115
        3  0.30985  -0.020 -0.010  1.000 -0.007  0.012  0.035  0.182  0.006  0.246  0.063
        4  0.07249  -0.004 -0.041 -0.007  1.000  0.002  0.050 -0.019 -0.011  0.001 -0.023
        5  0.33586   0.042  0.042  0.012  0.002  1.000 -0.002  0.067  0.266  0.008  0.210
        6  0.07010  -0.008 -0.024  0.035  0.050 -0.002  1.000  0.025  0.006  0.028 -0.001
        7  0.44186  -0.101 -0.094  0.182 -0.019  0.067  0.025  1.000  0.364  0.061  0.012
        8  0.47893   0.115  0.145  0.006 -0.011  0.266  0.006  0.364  1.000 -0.017  0.073
        9  0.45502  -0.106 -0.131  0.246  0.001  0.008  0.028  0.061 -0.017  1.000  0.345
       10  0.43770   0.101  0.115  0.063 -0.023  0.210 -0.001  0.012  0.073  0.345  1.000
OK 11111111115
out.txt
OK 11111111111
/data/liul/workarea/XIXI/Rec3/mdiyRecpm2012.root, DATA, 2012, number : 26072
/data/liul/workarea/XIXI/Bkg/mdiyRecpm2012.root, BKG, 2012, number : 133284
/data/liul/workarea/XIXI/Rec3/mdiyRecpp2012.root, DATA, 2012, number : 23940
/data/liul/workarea/XIXI/Bkg/mdiyRecpp2012.root, BKG, 2012, number : 104947
N[0][0] : 26072
N[0][1] : 133284
N[0][2] : 691344
N[0][3] : 23940
N[0][4] : 104947
N[0][5] : 657824
OK 11111111113
OK
OK 11111111111
OK 11111111111
 **********
 **    1 **SET PRINT           0
 **********
 **********
 **    2 **SET ERR         0.5
 **********
 PARAMETER DEFINITIONS:
    NO.   NAME         VALUE      STEP SIZE      LIMITS
     1 alpha_jpsi   5.86000e-01  1.00000e-03   -1.00000e+00  1.00000e+00
     2 dphi_jpsi    1.12100e+00  1.00000e-03   -3.14159e+00  3.14159e+00
OK 11111111111
     3 xi_alpha    -3.75600e-01  1.00000e-03   -1.00000e+00  0.00000e+00
     4 xi_phi       1.20000e-02  1.00000e-03   -3.14159e+00  3.14159e+00
     5 xib_alpha    3.75600e-01  1.00000e-03    0.00000e+00  1.00000e+00
     6 xib_phi     -1.20000e-02  1.00000e-03   -3.14159e+00  3.14159e+00
     7 L1_alpha     6.92000e-01  1.00000e-03    0.00000e+00  1.00000e+00
     8 L2_alpha    -7.51000e-01  1.00000e-03   -1.00000e+00  0.00000e+00
     9 L3_alpha     7.51000e-01  1.00000e-03    1.00000e+00  0.00000e+00
 MINUIT WARNING IN PARAM DEF
 ============== PARAMETER LIMITS WERE REVERSED.
 PARAMETER DEFINITIONS:
    NO.   NAME         VALUE      STEP SIZE      LIMITS
    10 L4_alpha    -6.92000e-01  1.00000e-03   -1.00000e+00  0.00000e+00
OK 11111111113
OK 11111111114
 **********
 **    3 **MINI
 **********
Loglike: -2692.59
0.59778 1.0949 -0.37072 0.0357599 0.372903 -0.00725067 0.680576 -0.728779 0.752337 -0.695215 
Loglike: -2692.95
0.605022 1.12259 -0.369654 0.0458935 0.375451 -0.00591823 0.688041 -0.722743 0.752946 -0.694932 
 MIGRAD MINIMIZATION HAS CONVERGED.
 MIGRAD WILL VERIFY CONVERGENCE AND ERROR MATRIX.
Loglike: -2692.95
0.605003 1.12269 -0.369648 0.0459083 0.375447 -0.00591537 0.689279 -0.722114 0.752994 -0.694898 
 FCN=-2692.95 FROM MIGRAD    STATUS=CONVERGED     261 CALLS         262 TOTAL
                     EDM=1.41767e-06    STRATEGY= 1      ERROR MATRIX ACCURATE 
  EXT PARAMETER                                   STEP         FIRST   
  NO.   NAME      VALUE            ERROR          SIZE      DERIVATIVE 
   1  alpha_jpsi   6.05003e-01   1.75851e-02   7.05219e-04  -2.58182e-02
   2  dphi_jpsi    1.12269e+00   5.85915e-02   6.29710e-04   1.78346e-02
   3  xi_alpha    -3.69648e-01   9.92030e-03   6.96294e-04  -2.66306e-02
   4  xi_phi       4.59083e-02   2.73950e-02   3.12617e-04   2.67964e-02
   5  xib_alpha    3.75447e-01   9.89648e-03   6.95309e-04   2.49882e-02
   6  xib_phi     -5.91537e-03   2.82287e-02   3.21888e-04  -5.46392e-03
   7  L1_alpha     6.88644e-01   1.99914e-02   1.37294e-03  -8.88503e-03
   8  L2_alpha    -7.22736e-01   1.96509e-02   1.38846e-03   5.94620e-03
   9  L3_alpha     7.52994e-01   1.99509e-02   1.44625e-03  -8.15432e-03
  10  L4_alpha    -6.94898e-01   1.97197e-02   1.36221e-03  -5.33448e-03
                               ERR DEF= 0.5
OK 11111111115
 **********
 **    4 **MINOS
 **********
Loglike: -2692.48
0.612634 1.18128 -0.370335 0.0461381 0.37559 -0.0061561 0.686045 -0.720597 0.750435 -0.693006 
Loglike: -2692.41
0.59715 1.0641 -0.369288 0.0456698 0.375279 -0.00466024 0.691297 -0.72497 0.755629 -0.696848 
Loglike: -2692.45
0.605844 1.12476 -0.379569 0.0455933 0.375059 -0.0060852 0.684438 -0.724198 0.747853 -0.696324 
Loglike: -2692.45
0.605178 1.12353 -0.369259 0.0457539 0.385344 -0.00618743 0.690028 -0.717767 0.7538 -0.691131 
Loglike: -2692.45
0.604571 1.12219 -0.369589 0.0462078 0.375352 0.0223133 0.68853 -0.722878 0.753329 -0.695531 
Loglike: -2692.44
0.607168 1.12847 -0.371732 0.0457758 0.374762 -0.0057549 0.668652 -0.730073 0.75152 -0.695131 
Loglike: -2692.45
0.603507 1.11601 -0.370013 0.0457202 0.373202 -0.00569969 0.681083 -0.742387 0.752958 -0.696149 
Loglike: -2692.44
0.606408 1.1283 -0.368931 0.0455083 0.377335 -0.00591598 0.688246 -0.721515 0.760829 -0.675179 
 FCN=-2692.95 FROM MINOS     STATUS=SUCCESSFUL    844 CALLS        1106 TOTAL
                     EDM=1.41767e-06    STRATEGY= 1      ERROR MATRIX ACCURATE 
  EXT PARAMETER                  PARABOLIC         MINOS ERRORS        
  NO.   NAME      VALUE            ERROR      NEGATIVE      POSITIVE   
   1  alpha_jpsi   6.05003e-01   1.75851e-02  -1.76314e-02   1.75321e-02
   2  dphi_jpsi    1.12269e+00   5.85915e-02  -5.64492e-02   6.09418e-02
   3  xi_alpha    -3.69648e-01   9.92030e-03  -9.92433e-03   9.91834e-03
   4  xi_phi       4.59083e-02   2.73950e-02  -2.74179e-02   2.73988e-02
   5  xib_alpha    3.75447e-01   9.89648e-03  -9.89220e-03   9.90169e-03
   6  xib_phi     -5.91537e-03   2.82287e-02  -2.82395e-02   2.82354e-02
   7  L1_alpha     6.88644e-01   1.99914e-02  -1.99359e-02   2.00596e-02
   8  L2_alpha    -7.22736e-01   1.96509e-02  -1.97205e-02   1.95966e-02
   9  L3_alpha     7.52994e-01   1.99509e-02  -1.98874e-02   2.00326e-02
  10  L4_alpha    -6.94898e-01   1.97197e-02  -1.97695e-02   1.96861e-02
                               ERR DEF= 0.5
OK 11111111115
 EXTERNAL ERROR MATRIX.    NDIM=  25    NPAR= 10    ERR DEF=0.5
  3.093e-04  4.488e-04 -8.350e-06  6.251e-06  1.731e-06 -1.219e-05 -4.335e-05  2.892e-05 -3.848e-05  2.775e-05 
  4.488e-04  3.433e-03 -2.054e-05  1.346e-05  8.373e-06 -1.411e-05 -1.521e-04  1.252e-04 -1.497e-04  1.108e-04 
 -8.350e-06 -2.054e-05  9.843e-05  3.126e-06  3.857e-06  1.685e-06  4.165e-05  8.366e-06  5.082e-05  1.415e-05 
  6.251e-06  1.346e-05  3.126e-06  7.505e-04 -1.528e-06  8.454e-06  2.650e-06  3.557e-06 -2.667e-06 -7.890e-06 
  1.731e-06  8.373e-06  3.857e-06 -1.528e-06  9.795e-05 -2.693e-06  1.371e-05  4.904e-05  7.985e-06  3.722e-05 
 -1.219e-05 -1.411e-05  1.685e-06  8.454e-06 -2.693e-06  7.969e-04 -3.209e-06 -4.022e-06  9.449e-06 -1.213e-08 
 -4.335e-05 -1.521e-04  4.165e-05  2.650e-06  1.371e-05 -3.209e-06  3.999e-04  1.473e-04  2.944e-05  4.656e-06 
  2.892e-05  1.252e-04  8.366e-06  3.557e-06  4.904e-05 -4.022e-06  1.473e-04  3.864e-04  1.475e-06  2.406e-05 
 -3.848e-05 -1.497e-04  5.082e-05 -2.667e-06  7.985e-06  9.449e-06  2.944e-05  1.475e-06  3.983e-04  1.554e-04 
  2.775e-05  1.108e-04  1.415e-05 -7.890e-06  3.722e-05 -1.213e-08  4.656e-06  2.406e-05  1.554e-04  3.891e-04 
 PARAMETER  CORRELATION COEFFICIENTS  
       NO.  GLOBAL      1      2      3      4      5      6      7      8      9     10
        1  0.45419   1.000  0.436 -0.048  0.013  0.010 -0.025 -0.123  0.084 -0.110  0.080
        2  0.47360   0.436  1.000 -0.035  0.008  0.014 -0.009 -0.130  0.109 -0.128  0.096
        3  0.32610  -0.048 -0.035  1.000  0.011  0.039  0.006  0.210  0.043  0.257  0.072
        4  0.02823   0.013  0.008  0.011  1.000 -0.006  0.011  0.005  0.007 -0.005 -0.015
        5  0.31443   0.010  0.014  0.039 -0.006  1.000 -0.010  0.069  0.252  0.040  0.191
        6  0.03375  -0.025 -0.009  0.006  0.011 -0.010  1.000 -0.006 -0.007  0.017 -0.000
        7  0.46165  -0.123 -0.130  0.210  0.005  0.069 -0.006  1.000  0.375  0.074  0.012
        8  0.47070   0.084  0.109  0.043  0.007  0.252 -0.007  0.375  1.000  0.004  0.062
        9  0.48930  -0.110 -0.128  0.257 -0.005  0.040  0.017  0.074  0.004  1.000  0.395
       10  0.46135   0.080  0.096  0.072 -0.015  0.191 -0.000  0.012  0.062  0.395  1.000
OK 11111111115
out.txt
OK 11111111111
/data/liul/workarea/XIXI/Rec3/mdiyRecpm2012.root, DATA, 2012, number : 26072
/data/liul/workarea/XIXI/Bkg/mdiyRecpm2012.root, BKG, 2012, number : 133284
/data/liul/workarea/XIXI/Rec3/mdiyRecpp2012.root, DATA, 2012, number : 23940
/data/liul/workarea/XIXI/Bkg/mdiyRecpp2012.root, BKG, 2012, number : 104947
N[0][0] : 26072
N[0][1] : 133284
N[0][2] : 691344
N[0][3] : 23940
N[0][4] : 104947
N[0][5] : 657824
OK 11111111113
OK
OK 11111111111
OK 11111111111
 **********
 **    1 **SET PRINT           0
 **********
 **********
 **    2 **SET ERR         0.5
 **********
 PARAMETER DEFINITIONS:
    NO.   NAME         VALUE      STEP SIZE      LIMITS
     1 alpha_jpsi   5.86000e-01  1.00000e-03   -1.00000e+00  1.00000e+00
     2 dphi_jpsi    1.12100e+00  1.00000e-03   -3.14159e+00  3.14159e+00
OK 11111111111
     3 xi_alpha    -3.75600e-01  1.00000e-03   -1.00000e+00  0.00000e+00
     4 xi_phi       1.20000e-02  1.00000e-03   -3.14159e+00  3.14159e+00
     5 xib_alpha    3.75600e-01  1.00000e-03    0.00000e+00  1.00000e+00
     6 xib_phi     -1.20000e-02  1.00000e-03   -3.14159e+00  3.14159e+00
     7 L1_alpha     6.92000e-01  1.00000e-03    0.00000e+00  1.00000e+00
     8 L2_alpha    -7.51000e-01  1.00000e-03   -1.00000e+00  0.00000e+00
     9 L3_alpha     7.51000e-01  1.00000e-03    1.00000e+00  0.00000e+00
 MINUIT WARNING IN PARAM DEF
 ============== PARAMETER LIMITS WERE REVERSED.
 PARAMETER DEFINITIONS:
    NO.   NAME         VALUE      STEP SIZE      LIMITS
    10 L4_alpha    -6.92000e-01  1.00000e-03   -1.00000e+00  0.00000e+00
OK 11111111113
OK 11111111114
 **********
 **    3 **MINI
 **********
Loglike: -2874.69
0.586 1.121 -0.3756 0.012 0.3756 -0.012 0.692 -0.751 0.751 -0.692037 
Loglike: -2878.67
0.586296 1.15778 -0.386433 0.0472849 0.387476 0.0211561 0.706869 -0.747955 0.754081 -0.684082 
 MIGRAD MINIMIZATION HAS CONVERGED.
 MIGRAD WILL VERIFY CONVERGENCE AND ERROR MATRIX.
Loglike: -2878.67
0.586322 1.1578 -0.386431 0.047303 0.388162 0.0221901 0.706858 -0.747974 0.75408 -0.684079 
 FCN=-2878.68 FROM MIGRAD    STATUS=CONVERGED     268 CALLS         269 TOTAL
                     EDM=3.13092e-06    STRATEGY= 1      ERROR MATRIX ACCURATE 
  EXT PARAMETER                                   STEP         FIRST   
  NO.   NAME      VALUE            ERROR          SIZE      DERIVATIVE 
   1  alpha_jpsi   5.86322e-01   1.70277e-02   7.01092e-04  -3.24238e-02
   2  dphi_jpsi    1.15780e+00   5.78472e-02   6.49761e-04  -3.18999e-02
   3  xi_alpha    -3.86431e-01   9.79053e-03   7.02100e-04   1.31183e-02
   4  xi_phi       4.73030e-02   2.72415e-02   3.21257e-04  -2.08899e-02
   5  xib_alpha    3.87818e-01   9.75418e-03   7.06623e-04   1.76484e-03
   6  xib_phi      2.11497e-02   2.80883e-02   3.31194e-04   3.82556e-02
   7  L1_alpha     7.06858e-01   1.93264e-02   1.39867e-03   1.82348e-02
   8  L2_alpha    -7.47974e-01   1.91256e-02   1.45178e-03   1.49224e-02
   9  L3_alpha     7.54080e-01   1.95574e-02   1.48833e-03   2.75430e-03
  10  L4_alpha    -6.84079e-01   1.93610e-02   1.38858e-03  -3.59127e-03
                               ERR DEF= 0.5
OK 11111111115
 **********
 **    4 **MINOS
 **********
Loglike: -2878.18
0.569294 1.13413 -0.386066 0.0476945 0.387687 0.0205146 0.709258 -0.749605 0.755938 -0.68557 
Loglike: -2878.13
0.579181 1.09995 -0.38598 0.0477358 0.387592 0.0211127 0.709159 -0.750684 0.757546 -0.685533 
Loglike: -2878.18
0.587528 1.16046 -0.396221 0.0474287 0.387683 0.0211445 0.701887 -0.748637 0.749693 -0.685108 
Loglike: -2878.18
0.586571 1.15882 -0.386782 0.0200614 0.387855 0.0207846 0.706546 -0.748159 0.754016 -0.683793 
Loglike: -2878.18
0.585496 1.15788 -0.386429 0.0476424 0.387848 0.049238 0.70688 -0.74816 0.754169 -0.683999 
Loglike: -2878.18
0.584155 1.15078 -0.383847 0.0485196 0.388376 0.0211736 0.726185 -0.74137 0.755579 -0.683875 
Loglike: -2878.18
0.584875 1.14958 -0.38677 0.0470055 0.385323 0.0203762 0.700243 -0.767099 0.754316 -0.685125 
Loglike: -2878.17
0.587929 1.16597 -0.388538 0.0473676 0.38774 0.0210048 0.70544 -0.747787 0.734523 -0.690674 
 FCN=-2878.68 FROM MINOS     STATUS=SUCCESSFUL    847 CALLS        1116 TOTAL
                     EDM=3.13092e-06    STRATEGY= 1      ERROR MATRIX ACCURATE 
  EXT PARAMETER                  PARABOLIC         MINOS ERRORS        
  NO.   NAME      VALUE            ERROR      NEGATIVE      POSITIVE   
   1  alpha_jpsi   5.86322e-01   1.70277e-02  -1.70593e-02   1.69927e-02
   2  dphi_jpsi    1.15780e+00   5.78472e-02  -5.57149e-02   6.02056e-02
   3  xi_alpha    -3.86431e-01   9.79053e-03  -9.80747e-03   9.77568e-03
   4  xi_phi       4.73030e-02   2.72415e-02  -2.72420e-02   2.72508e-02
   5  xib_alpha    3.87818e-01   9.75418e-03  -9.74783e-03   9.76125e-03
   6  xib_phi      2.11497e-02   2.80883e-02  -2.81241e-02   2.80973e-02
   7  L1_alpha     7.06858e-01   1.93264e-02  -1.93041e-02   1.93593e-02
   8  L2_alpha    -7.47974e-01   1.91256e-02  -1.91922e-02   1.90736e-02
   9  L3_alpha     7.54080e-01   1.95574e-02  -1.95251e-02   1.96061e-02
  10  L4_alpha    -6.84079e-01   1.93610e-02  -1.93986e-02   1.93377e-02
                               ERR DEF= 0.5
OK 11111111115
 EXTERNAL ERROR MATRIX.    NDIM=  25    NPAR= 10    ERR DEF=0.5
  2.900e-04  4.118e-04 -6.258e-06 -6.587e-06  2.167e-06 -7.234e-06 -4.175e-05  2.766e-05 -3.181e-05  2.580e-05 
  4.118e-04  3.347e-03 -2.609e-05 -2.504e-05  1.310e-05  2.142e-06 -1.332e-04  1.571e-04 -1.642e-04  8.420e-05 
 -6.258e-06 -2.609e-05  9.587e-05 -1.231e-06  1.323e-06  5.123e-08  4.856e-05  6.501e-06  4.282e-05  1.009e-05 
 -6.587e-06 -2.504e-05 -1.231e-06  7.421e-04 -1.040e-06  9.535e-06  3.823e-06  5.690e-06 -1.362e-06 -6.882e-06 
  2.167e-06  1.310e-05  1.323e-06 -1.040e-06  9.516e-05  8.352e-07  1.138e-05  4.776e-05  4.476e-07  3.029e-05 
 -7.234e-06  2.142e-06  5.123e-08  9.535e-06  8.352e-07  7.890e-04  6.012e-07 -5.230e-06  2.499e-06  2.240e-06 
 -4.175e-05 -1.332e-04  4.856e-05  3.823e-06  1.138e-05  6.012e-07  3.737e-04  1.262e-04  2.825e-05  3.909e-06 
  2.766e-05  1.571e-04  6.501e-06  5.690e-06  4.776e-05 -5.230e-06  1.262e-04  3.660e-04 -4.511e-06  2.002e-05 
 -3.181e-05 -1.642e-04  4.282e-05 -1.362e-06  4.476e-07  2.499e-06  2.825e-05 -4.511e-06  3.828e-04  1.435e-04 
  2.580e-05  8.420e-05  1.009e-05 -6.882e-06  3.029e-05  2.240e-06  3.909e-06  2.002e-05  1.435e-04  3.751e-04 
 PARAMETER  CORRELATION COEFFICIENTS  
       NO.  GLOBAL      1      2      3      4      5      6      7      8      9     10
        1  0.43563   1.000  0.418 -0.038 -0.014  0.013 -0.015 -0.127  0.085 -0.095  0.078
        2  0.46509   0.418  1.000 -0.046 -0.016  0.023  0.001 -0.119  0.142 -0.145  0.075
        3  0.33462  -0.038 -0.046  1.000 -0.005  0.014  0.000  0.257  0.035  0.224  0.053
        4  0.02947  -0.014 -0.016 -0.005  1.000 -0.004  0.012  0.007  0.011 -0.003 -0.013
        5  0.30429   0.013  0.023  0.014 -0.004  1.000  0.003  0.060  0.256  0.002  0.160
        6  0.02495  -0.015  0.001  0.000  0.012  0.003  1.000  0.001 -0.010  0.005  0.004
        7  0.45828  -0.127 -0.119  0.257  0.007  0.060  0.001  1.000  0.341  0.075  0.010
        8  0.45751   0.085  0.142  0.035  0.011  0.256 -0.010  0.341  1.000 -0.012  0.054
        9  0.46721  -0.095 -0.145  0.224 -0.003  0.002  0.005  0.075 -0.012  1.000  0.379
       10  0.43676   0.078  0.075  0.053 -0.013  0.160  0.004  0.010  0.054  0.379  1.000
OK 11111111115
out.txt
OK 11111111111
/data/liul/workarea/XIXI/Rec3/mdiyRecpm2012.root, DATA, 2012, number : 26072
/data/liul/workarea/XIXI/Bkg/mdiyRecpm2012.root, BKG, 2012, number : 133284
/data/liul/workarea/XIXI/Rec3/mdiyRecpp2012.root, DATA, 2012, number : 23940
/data/liul/workarea/XIXI/Bkg/mdiyRecpp2012.root, BKG, 2012, number : 104947
N[0][0] : 26072
N[0][1] : 133284
N[0][2] : 691344
N[0][3] : 23940
N[0][4] : 104947
N[0][5] : 657824
OK 11111111113
OK
OK 11111111111
OK 11111111111
 **********
 **    1 **SET PRINT           0
 **********
 **********
 **    2 **SET ERR         0.5
 **********
 PARAMETER DEFINITIONS:
    NO.   NAME         VALUE      STEP SIZE      LIMITS
     1 alpha_jpsi   5.86000e-01  1.00000e-03   -1.00000e+00  1.00000e+00
     2 dphi_jpsi    1.12100e+00  1.00000e-03   -3.14159e+00  3.14159e+00
OK 11111111111
     3 xi_alpha    -3.75600e-01  1.00000e-03   -1.00000e+00  0.00000e+00
     4 xi_phi       1.20000e-02  1.00000e-03   -3.14159e+00  3.14159e+00
     5 xib_alpha    3.75600e-01  1.00000e-03    0.00000e+00  1.00000e+00
     6 xib_phi     -1.20000e-02  1.00000e-03   -3.14159e+00  3.14159e+00
     7 L1_alpha     6.92000e-01  1.00000e-03    0.00000e+00  1.00000e+00
     8 L2_alpha    -7.51000e-01  1.00000e-03   -1.00000e+00  0.00000e+00
     9 L3_alpha     7.51000e-01  1.00000e-03    1.00000e+00  0.00000e+00
 MINUIT WARNING IN PARAM DEF
 ============== PARAMETER LIMITS WERE REVERSED.
 PARAMETER DEFINITIONS:
    NO.   NAME         VALUE      STEP SIZE      LIMITS
    10 L4_alpha    -6.92000e-01  1.00000e-03   -1.00000e+00  0.00000e+00
OK 11111111113
OK 11111111114
 **********
 **    3 **MINI
 **********
Loglike: -2643.11
0.586 1.121 -0.3756 0.012 0.3756 -0.0120355 0.692 -0.751 0.751 -0.692 
Loglike: -2652.31
0.585832 1.13373 -0.376594 0.0801987 0.350486 0.0234799 0.695573 -0.73704 0.733374 -0.731284 
 MIGRAD MINIMIZATION HAS CONVERGED.
 MIGRAD WILL VERIFY CONVERGENCE AND ERROR MATRIX.
Loglike: -2652.31
0.585631 1.13319 -0.376795 0.0807792 0.350358 0.0238656 0.695158 -0.73768 0.732444 -0.731043 
 FCN=-2652.31 FROM MIGRAD    STATUS=CONVERGED     290 CALLS         291 TOTAL
                     EDM=1.48573e-06    STRATEGY= 1      ERROR MATRIX ACCURATE 
  EXT PARAMETER                                   STEP         FIRST   
