
[1mRooFit v3.60 -- Developed by Wouter Verkerke and David Kirkby[0m 
                Copyright (C) 2000-2013 NIKHEF, University of California & Stanford University
                All rights reserved, please read http://roofit.sourceforge.net/license.txt

option -a

option -d with value `v1'
option -b

option -i with value `2009'
option -d with value `2009'
/data/liul/workarea/XIXI/fit/boost/2009/xixipm/v1/mdiy/mdiy30x.root => 2009
/data/liul/workarea/XIXI/fit/boost/2009/xixipm/v1/phsp/phsp30x.root => 2009
/data/liul/workarea/XIXI/fit/boost/2009/xixipm/v1/bkg1/bkg30x.root => 2009
/data/liul/workarea/XIXI/fit/boost/2009/xixipp/v1/mdiy/mdiy30x.root => 2009
/data/liul/workarea/XIXI/fit/boost/2009/xixipp/v1/phsp/phsp30x.root => 2009
/data/liul/workarea/XIXI/fit/boost/2009/xixipp/v1/bkg1/bkg30x.root => 2009
/data/liul/workarea/XIXI/fit/boost/2012/xixipm/v1/mdiy/mdiy30x.root => 2012
/data/liul/workarea/XIXI/fit/boost/2012/xixipm/v1/phsp/phsp30x.root => 2012
/data/liul/workarea/XIXI/fit/boost/2012/xixipm/v1/bkg1/bkg30x.root => 2012
/data/liul/workarea/XIXI/fit/boost/2012/xixipp/v1/mdiy/mdiy30x.root => 2012
/data/liul/workarea/XIXI/fit/boost/2012/xixipp/v1/phsp/phsp30x.root => 2012
/data/liul/workarea/XIXI/fit/boost/2012/xixipp/v1/bkg1/bkg30x.root => 2012

0   0
0   /data/liul/workarea/XIXI/fit/boost/2009/xixipm/v1/mdiy/mdiy30x.root mdiy 2009  xixipm
Warning in <TClass::Init>: no dictionary for class ROOT::TIOFeatures is available
/data/liul/workarea/XIXI/fit/boost/2009/xixipm/v1/mdiy/mdiy30x.root
Finish
0   0
1   /data/liul/workarea/XIXI/fit/boost/2009/xixipm/v1/phsp/phsp30x.root phsp 2009  xixipm
/data/liul/workarea/XIXI/fit/boost/2009/xixipm/v1/phsp/phsp30x.root
Finish
0   0
2   /data/liul/workarea/XIXI/fit/boost/2009/xixipm/v1/bkg1/bkg30x.root bkg1 2009  xixipm
/data/liul/workarea/XIXI/fit/boost/2009/xixipm/v1/bkg1/bkg30x.root
Finish
0   1
3   /data/liul/workarea/XIXI/fit/boost/2009/xixipp/v1/mdiy/mdiy30x.root mdiy 2009  xixipp
/data/liul/workarea/XIXI/fit/boost/2009/xixipp/v1/mdiy/mdiy30x.root
Finish
0   1
4   /data/liul/workarea/XIXI/fit/boost/2009/xixipp/v1/phsp/phsp30x.root phsp 2009  xixipp
/data/liul/workarea/XIXI/fit/boost/2009/xixipp/v1/phsp/phsp30x.root
Finish
0   1
5   /data/liul/workarea/XIXI/fit/boost/2009/xixipp/v1/bkg1/bkg30x.root bkg1 2009  xixipp
/data/liul/workarea/XIXI/fit/boost/2009/xixipp/v1/bkg1/bkg30x.root
Finish
1   0
6   /data/liul/workarea/XIXI/fit/boost/2012/xixipm/v1/mdiy/mdiy30x.root mdiy 2012  xixipm
/data/liul/workarea/XIXI/fit/boost/2012/xixipm/v1/mdiy/mdiy30x.root
Finish
1   0
7   /data/liul/workarea/XIXI/fit/boost/2012/xixipm/v1/phsp/phsp30x.root phsp 2012  xixipm
/data/liul/workarea/XIXI/fit/boost/2012/xixipm/v1/phsp/phsp30x.root
Finish
1   0
8   /data/liul/workarea/XIXI/fit/boost/2012/xixipm/v1/bkg1/bkg30x.root bkg1 2012  xixipm
/data/liul/workarea/XIXI/fit/boost/2012/xixipm/v1/bkg1/bkg30x.root
Finish
1   1
9   /data/liul/workarea/XIXI/fit/boost/2012/xixipp/v1/mdiy/mdiy30x.root mdiy 2012  xixipp
/data/liul/workarea/XIXI/fit/boost/2012/xixipp/v1/mdiy/mdiy30x.root
Finish
1   1
10   /data/liul/workarea/XIXI/fit/boost/2012/xixipp/v1/phsp/phsp30x.root phsp 2012  xixipp
/data/liul/workarea/XIXI/fit/boost/2012/xixipp/v1/phsp/phsp30x.root
Finish
1   1
11   /data/liul/workarea/XIXI/fit/boost/2012/xixipp/v1/bkg1/bkg30x.root bkg1 2012  xixipp
/data/liul/workarea/XIXI/fit/boost/2012/xixipp/v1/bkg1/bkg30x.root
Finish
N[0][0] : 4646
N[0][1] : 121755
N[0][2] : 26624
N[0][3] : 4348
N[0][4] : 116238
N[0][5] : 20877
N[1][0] : 25264
N[1][1] : 654635
N[1][2] : 143517
N[1][3] : 22964
N[1][4] : 620876
N[1][5] : 112184
out.txt
OK 11111111113
OK
OK 11111111111
OK 11111111111
 **********
 **    1 **SET PRINT           0
 **********
 **********
 **    2 **SET ERR         0.5
 **********
 PARAMETER DEFINITIONS:
    NO.   NAME         VALUE      STEP SIZE      LIMITS
     1 alpha_jpsi   5.86000e-01  1.00000e-03   -1.00000e+00  1.00000e+00
     2 dphi_jpsi    1.12100e+00  1.00000e-03   -3.14159e+00  3.14159e+00
OK 11111111111
     3 xi_alpha    -3.75600e-01  1.00000e-03   -1.00000e+00  0.00000e+00
     4 xi_phi       1.20000e-02  1.00000e-03   -3.14159e+00  3.14159e+00
     5 xib_alpha    3.75600e-01  1.00000e-03    0.00000e+00  1.00000e+00
     6 xib_phi     -1.20000e-02  1.00000e-03   -3.14159e+00  3.14159e+00
     7 L1_alpha     6.92000e-01  1.00000e-03    0.00000e+00  1.00000e+00
     8 L2_alpha    -7.51000e-01  1.00000e-03   -1.00000e+00  0.00000e+00
     9 L3_alpha     7.51000e-01  1.00000e-03    1.00000e+00  0.00000e+00
 MINUIT WARNING IN PARAM DEF
 ============== PARAMETER LIMITS WERE REVERSED.
 PARAMETER DEFINITIONS:
    NO.   NAME         VALUE      STEP SIZE      LIMITS
    10 L4_alpha    -6.92000e-01  1.00000e-03   -1.00000e+00  0.00000e+00
OK 11111111113
OK 11111111114
 **********
 **    3 **MINI
 **********
Loglike: -3200.79
0.586 1.121 -0.3756 0.012 0.3756 -0.012 0.692 -0.751 0.751 -0.692 
Loglike: -3210.26
0.561774 1.23478 -0.384786 0.0617176 0.372503 -0.0113734 0.657314 -0.750771 0.749292 -0.689421 
 MIGRAD MINIMIZATION HAS CONVERGED.
 MIGRAD WILL VERIFY CONVERGENCE AND ERROR MATRIX.
Loglike: -3210.27
0.56207 1.23912 -0.384775 0.0591858 0.372317 -0.0122831 0.657706 -0.751135 0.748717 -0.690539 

[1mRooFit v3.60 -- Developed by Wouter Verkerke and David Kirkby[0m 
                Copyright (C) 2000-2013 NIKHEF, University of California & Stanford University
                All rights reserved, please read http://roofit.sourceforge.net/license.txt

option -a

option -d with value `v1'
option -b

option -i with value `2009'
option -d with value `2009'
/data/liul/workarea/XIXI/fit/boost/2009/xixipm/v1/mdiy/mdiy30x.root => 2009
/data/liul/workarea/XIXI/fit/boost/2009/xixipm/v1/phsp/phsp30x.root => 2009
/data/liul/workarea/XIXI/fit/boost/2009/xixipm/v1/bkg1/bkg30x.root => 2009
/data/liul/workarea/XIXI/fit/boost/2009/xixipp/v1/mdiy/mdiy30x.root => 2009
/data/liul/workarea/XIXI/fit/boost/2009/xixipp/v1/phsp/phsp30x.root => 2009
/data/liul/workarea/XIXI/fit/boost/2009/xixipp/v1/bkg1/bkg30x.root => 2009
/data/liul/workarea/XIXI/fit/boost/2012/xixipm/v1/mdiy/mdiy30x.root => 2012
/data/liul/workarea/XIXI/fit/boost/2012/xixipm/v1/phsp/phsp30x.root => 2012
/data/liul/workarea/XIXI/fit/boost/2012/xixipm/v1/bkg1/bkg30x.root => 2012
/data/liul/workarea/XIXI/fit/boost/2012/xixipp/v1/mdiy/mdiy30x.root => 2012
/data/liul/workarea/XIXI/fit/boost/2012/xixipp/v1/phsp/phsp30x.root => 2012
/data/liul/workarea/XIXI/fit/boost/2012/xixipp/v1/bkg1/bkg30x.root => 2012

0   0
0   /data/liul/workarea/XIXI/fit/boost/2009/xixipm/v1/mdiy/mdiy30x.root mdiy 2009  xixipm
Warning in <TClass::Init>: no dictionary for class ROOT::TIOFeatures is available
/data/liul/workarea/XIXI/fit/boost/2009/xixipm/v1/mdiy/mdiy30x.root
Finish
0   0
1   /data/liul/workarea/XIXI/fit/boost/2009/xixipm/v1/phsp/phsp30x.root phsp 2009  xixipm
/data/liul/workarea/XIXI/fit/boost/2009/xixipm/v1/phsp/phsp30x.root
Finish
0   0
2   /data/liul/workarea/XIXI/fit/boost/2009/xixipm/v1/bkg1/bkg30x.root bkg1 2009  xixipm
/data/liul/workarea/XIXI/fit/boost/2009/xixipm/v1/bkg1/bkg30x.root
Finish
0   1
3   /data/liul/workarea/XIXI/fit/boost/2009/xixipp/v1/mdiy/mdiy30x.root mdiy 2009  xixipp
/data/liul/workarea/XIXI/fit/boost/2009/xixipp/v1/mdiy/mdiy30x.root
Finish
0   1
4   /data/liul/workarea/XIXI/fit/boost/2009/xixipp/v1/phsp/phsp30x.root phsp 2009  xixipp
/data/liul/workarea/XIXI/fit/boost/2009/xixipp/v1/phsp/phsp30x.root
Finish
0   1
5   /data/liul/workarea/XIXI/fit/boost/2009/xixipp/v1/bkg1/bkg30x.root bkg1 2009  xixipp
/data/liul/workarea/XIXI/fit/boost/2009/xixipp/v1/bkg1/bkg30x.root
Finish
1   0
6   /data/liul/workarea/XIXI/fit/boost/2012/xixipm/v1/mdiy/mdiy30x.root mdiy 2012  xixipm
/data/liul/workarea/XIXI/fit/boost/2012/xixipm/v1/mdiy/mdiy30x.root
Finish
1   0
7   /data/liul/workarea/XIXI/fit/boost/2012/xixipm/v1/phsp/phsp30x.root phsp 2012  xixipm
/data/liul/workarea/XIXI/fit/boost/2012/xixipm/v1/phsp/phsp30x.root
Finish
1   0
8   /data/liul/workarea/XIXI/fit/boost/2012/xixipm/v1/bkg1/bkg30x.root bkg1 2012  xixipm
/data/liul/workarea/XIXI/fit/boost/2012/xixipm/v1/bkg1/bkg30x.root
Finish
1   1
9   /data/liul/workarea/XIXI/fit/boost/2012/xixipp/v1/mdiy/mdiy30x.root mdiy 2012  xixipp
/data/liul/workarea/XIXI/fit/boost/2012/xixipp/v1/mdiy/mdiy30x.root
Finish
1   1
10   /data/liul/workarea/XIXI/fit/boost/2012/xixipp/v1/phsp/phsp30x.root phsp 2012  xixipp
/data/liul/workarea/XIXI/fit/boost/2012/xixipp/v1/phsp/phsp30x.root
Finish
1   1
11   /data/liul/workarea/XIXI/fit/boost/2012/xixipp/v1/bkg1/bkg30x.root bkg1 2012  xixipp
/data/liul/workarea/XIXI/fit/boost/2012/xixipp/v1/bkg1/bkg30x.root
Finish
N[0][0] : 4646
N[0][1] : 121755
N[0][2] : 26624
N[0][3] : 4348
N[0][4] : 116238
N[0][5] : 20877
N[1][0] : 25264
N[1][1] : 654635
N[1][2] : 143517
N[1][3] : 22964
N[1][4] : 620876
N[1][5] : 112184
out.txt
OK 11111111113
OK
OK 11111111111
OK 11111111111
 **********
 **    1 **SET PRINT           0
 **********
 **********
 **    2 **SET ERR         0.5
 **********
 PARAMETER DEFINITIONS:
    NO.   NAME         VALUE      STEP SIZE      LIMITS
     1 alpha_jpsi   5.86000e-01  1.00000e-03   -1.00000e+00  1.00000e+00
     2 dphi_jpsi    1.12100e+00  1.00000e-03   -3.14159e+00  3.14159e+00
OK 11111111111
     3 xi_alpha    -3.75600e-01  1.00000e-03   -1.00000e+00  0.00000e+00
     4 xi_phi       1.20000e-02  1.00000e-03   -3.14159e+00  3.14159e+00
     5 xib_alpha    3.75600e-01  1.00000e-03    0.00000e+00  1.00000e+00
     6 xib_phi     -1.20000e-02  1.00000e-03   -3.14159e+00  3.14159e+00
     7 L1_alpha     6.92000e-01  1.00000e-03    0.00000e+00  1.00000e+00
     8 L2_alpha    -7.51000e-01  1.00000e-03   -1.00000e+00  0.00000e+00
     9 L3_alpha     7.51000e-01  1.00000e-03    1.00000e+00  0.00000e+00
 MINUIT WARNING IN PARAM DEF
 ============== PARAMETER LIMITS WERE REVERSED.
 PARAMETER DEFINITIONS:
    NO.   NAME         VALUE      STEP SIZE      LIMITS
    10 L4_alpha    -6.92000e-01  1.00000e-03   -1.00000e+00  0.00000e+00
OK 11111111113
OK 11111111114
 **********
 **    3 **MINI
 **********
Loglike: -3200.79
0.586 1.121 -0.3756 0.012 0.3756 -0.012 0.692 -0.751 0.751 -0.692 
Loglike: -3210.26
0.561774 1.23478 -0.384786 0.0617176 0.372503 -0.0113734 0.657314 -0.750771 0.749292 -0.689421 
 MIGRAD MINIMIZATION HAS CONVERGED.
 MIGRAD WILL VERIFY CONVERGENCE AND ERROR MATRIX.
Loglike: -3210.27
0.56207 1.23912 -0.384775 0.0591858 0.372317 -0.0122831 0.657706 -0.751135 0.748717 -0.690539 
 FCN=-3210.27 FROM MIGRAD    STATUS=CONVERGED     260 CALLS         261 TOTAL
                     EDM=7.46369e-06    STRATEGY= 1      ERROR MATRIX ACCURATE 
  EXT PARAMETER                                   STEP         FIRST   
  NO.   NAME      VALUE            ERROR          SIZE      DERIVATIVE 
   1  alpha_jpsi   5.62070e-01   1.57496e-02   6.86934e-04  -1.06353e-02
   2  dphi_jpsi    1.23912e+00   5.56585e-02   6.88662e-04  -2.77436e-02
   3  xi_alpha    -3.84844e-01   9.31515e-03   7.11342e-04   1.35177e-02
   4  xi_phi       5.91858e-02   2.70257e-02   3.36340e-04   7.75444e-02
   5  xib_alpha    3.72317e-01   9.29535e-03   7.12928e-04  -8.52207e-02
   6  xib_phi     -1.22831e-02   2.62938e-02   3.26944e-04  -6.58287e-02
   7  L1_alpha     6.57706e-01   1.81389e-02   1.33873e-03  -5.56788e-03
   8  L2_alpha    -7.51135e-01   1.86849e-02   1.48996e-03  -1.90026e-02
   9  L3_alpha     7.48717e-01   1.83454e-02   1.47313e-03   1.24286e-02
  10  L4_alpha    -6.90539e-01   1.84102e-02   1.40406e-03  -2.57238e-02
                               ERR DEF= 0.5
OK 11111111115
 **********
 **    4 **MINOS
 **********
Loglike: -3209.78
0.546321 1.2209 -0.384764 0.0591105 0.372062 -0.0117356 0.659005 -0.752613 0.750349 -0.692576 
Loglike: -3209.77
0.56767 1.29656 -0.385022 0.05838 0.372538 -0.0123204 0.65654 -0.748797 0.746368 -0.688931 
Loglike: -3209.77
0.561935 1.2381 -0.375529 0.0591167 0.372543 -0.0121958 0.662315 -0.750513 0.752791 -0.689783 
Loglike: -3209.77
0.562117 1.23983 -0.38491 0.0862115 0.372419 -0.0114389 0.657494 -0.750841 0.748356 -0.690201 
Loglike: -3209.77
0.561068 1.23785 -0.385075 0.0589306 0.363021 -0.0123145 0.656119 -0.756144 0.748585 -0.693605 
Loglike: -3209.78
0.560941 1.23554 -0.382802 0.0600784 0.373109 -0.0125003 0.675844 -0.744119 0.749797 -0.690297 
Loglike: -3209.77
0.563312 1.24605 -0.384492 0.0595303 0.374781 -0.0126162 0.664415 -0.73245 0.748566 -0.689448 
Loglike: -3209.77
0.563472 1.2464 -0.386919 0.0586206 0.372272 -0.0123368 0.656636 -0.750959 0.730371 -0.69653 
 FCN=-3210.27 FROM MINOS     STATUS=SUCCESSFUL    836 CALLS        1097 TOTAL
                     EDM=7.46369e-06    STRATEGY= 1      ERROR MATRIX ACCURATE 
  EXT PARAMETER                  PARABOLIC         MINOS ERRORS        
  NO.   NAME      VALUE            ERROR      NEGATIVE      POSITIVE   
   1  alpha_jpsi   5.62070e-01   1.57496e-02  -1.57967e-02   1.57062e-02
   2  dphi_jpsi    1.23912e+00   5.56585e-02  -5.39646e-02   5.74920e-02
   3  xi_alpha    -3.84844e-01   9.31515e-03  -9.32745e-03   9.30490e-03
   4  xi_phi       5.91858e-02   2.70257e-02  -2.70485e-02   2.70084e-02
   5  xib_alpha    3.72317e-01   9.29535e-03  -9.26663e-03   9.32470e-03
   6  xib_phi     -1.22831e-02   2.62938e-02  -2.62782e-02   2.63150e-02
   7  L1_alpha     6.57706e-01   1.81389e-02  -1.80912e-02   1.81943e-02
   8  L2_alpha    -7.51135e-01   1.86849e-02  -1.87097e-02   1.86713e-02
   9  L3_alpha     7.48717e-01   1.83454e-02  -1.83199e-02   1.83850e-02
  10  L4_alpha    -6.90539e-01   1.84102e-02  -1.84234e-02   1.84088e-02
                               ERR DEF= 0.5
OK 11111111115
 EXTERNAL ERROR MATRIX.    NDIM=  25    NPAR= 10    ERR DEF=0.5
  2.481e-04  3.186e-04 -1.258e-06  1.186e-06  4.014e-06 -8.624e-06 -2.048e-05  2.330e-05 -2.573e-05  3.211e-05 
  3.186e-04  3.098e-03 -9.470e-06  1.685e-05  1.149e-05 -2.029e-06 -6.497e-05  1.333e-04 -1.338e-04  8.925e-05 
 -1.258e-06 -9.470e-06  8.678e-05 -6.440e-07  2.105e-06  8.135e-07  3.707e-05  5.789e-06  3.806e-05  7.037e-06 
  1.186e-06  1.685e-05 -6.440e-07  7.304e-04  2.260e-06  2.220e-05 -2.968e-06  6.688e-06  1.037e-05  7.651e-06 
  4.014e-06  1.149e-05  2.105e-06  2.260e-06  8.641e-05  4.901e-07  1.437e-05  4.704e-05  8.297e-07  2.920e-05 
 -8.624e-06 -2.029e-06  8.135e-07  2.220e-05  4.901e-07  6.914e-04 -3.940e-06  1.283e-05  9.853e-07 -1.153e-05 
 -2.048e-05 -6.497e-05  3.707e-05 -2.968e-06  1.437e-05 -3.940e-06  3.292e-04  1.267e-04  1.961e-05  4.398e-06 
  2.330e-05  1.333e-04  5.789e-06  6.688e-06  4.704e-05  1.283e-05  1.267e-04  3.493e-04 -3.229e-06  2.045e-05 
 -2.573e-05 -1.338e-04  3.806e-05  1.037e-05  8.297e-07  9.853e-07  1.961e-05 -3.229e-06  3.368e-04  1.220e-04 
  3.211e-05  8.925e-05  7.037e-06  7.651e-06  2.920e-05 -1.153e-05  4.398e-06  2.045e-05  1.220e-04  3.391e-04 
 PARAMETER  CORRELATION COEFFICIENTS  
       NO.  GLOBAL      1      2      3      4      5      6      7      8      9     10
        1  0.38737   1.000  0.363 -0.009  0.003  0.027 -0.021 -0.072  0.079 -0.089  0.111
        2  0.40787   0.363  1.000 -0.018  0.011  0.022 -0.001 -0.064  0.128 -0.131  0.087
        3  0.31367  -0.009 -0.018  1.000 -0.003  0.024  0.003  0.219  0.033  0.223  0.041
        4  0.04418   0.003  0.011 -0.003  1.000  0.009  0.031 -0.006  0.013  0.021  0.015
        5  0.31965   0.027  0.022  0.024  0.009  1.000  0.002  0.085  0.271  0.005  0.171
        6  0.05790  -0.021 -0.001  0.003  0.031  0.002  1.000 -0.008  0.026  0.002 -0.024
        7  0.44646  -0.072 -0.064  0.219 -0.006  0.085 -0.008  1.000  0.374  0.059  0.013
        8  0.47369   0.079  0.128  0.033  0.013  0.271  0.026  0.374  1.000 -0.009  0.059
        9  0.45635  -0.089 -0.131  0.223  0.021  0.005  0.002  0.059 -0.009  1.000  0.361
       10  0.43411   0.111  0.087  0.041  0.015  0.171 -0.024  0.013  0.059  0.361  1.000
OK 11111111115
0   0
0   /data/liul/workarea/XIXI/fit/boost/2009/xixipm/v1/mdiy/mdiy30x.root mdiy 2009  xixipm
/data/liul/workarea/XIXI/fit/boost/2009/xixipm/v1/mdiy/mdiy30x.root
Finish
0   0
1   /data/liul/workarea/XIXI/fit/boost/2009/xixipm/v1/phsp/phsp30x.root phsp 2009  xixipm
/data/liul/workarea/XIXI/fit/boost/2009/xixipm/v1/phsp/phsp30x.root
Finish
0   0
2   /data/liul/workarea/XIXI/fit/boost/2009/xixipm/v1/bkg1/bkg30x.root bkg1 2009  xixipm
/data/liul/workarea/XIXI/fit/boost/2009/xixipm/v1/bkg1/bkg30x.root
Finish
0   1
3   /data/liul/workarea/XIXI/fit/boost/2009/xixipp/v1/mdiy/mdiy30x.root mdiy 2009  xixipp
/data/liul/workarea/XIXI/fit/boost/2009/xixipp/v1/mdiy/mdiy30x.root
Finish
0   1
4   /data/liul/workarea/XIXI/fit/boost/2009/xixipp/v1/phsp/phsp30x.root phsp 2009  xixipp
/data/liul/workarea/XIXI/fit/boost/2009/xixipp/v1/phsp/phsp30x.root
Finish
0   1
5   /data/liul/workarea/XIXI/fit/boost/2009/xixipp/v1/bkg1/bkg30x.root bkg1 2009  xixipp
/data/liul/workarea/XIXI/fit/boost/2009/xixipp/v1/bkg1/bkg30x.root
Finish
1   0
6   /data/liul/workarea/XIXI/fit/boost/2012/xixipm/v1/mdiy/mdiy30x.root mdiy 2012  xixipm
/data/liul/workarea/XIXI/fit/boost/2012/xixipm/v1/mdiy/mdiy30x.root
Finish
1   0
7   /data/liul/workarea/XIXI/fit/boost/2012/xixipm/v1/phsp/phsp30x.root phsp 2012  xixipm
/data/liul/workarea/XIXI/fit/boost/2012/xixipm/v1/phsp/phsp30x.root
Finish
1   0
8   /data/liul/workarea/XIXI/fit/boost/2012/xixipm/v1/bkg1/bkg30x.root bkg1 2012  xixipm
/data/liul/workarea/XIXI/fit/boost/2012/xixipm/v1/bkg1/bkg30x.root
Finish
1   1
9   /data/liul/workarea/XIXI/fit/boost/2012/xixipp/v1/mdiy/mdiy30x.root mdiy 2012  xixipp
/data/liul/workarea/XIXI/fit/boost/2012/xixipp/v1/mdiy/mdiy30x.root
Finish
1   1
10   /data/liul/workarea/XIXI/fit/boost/2012/xixipp/v1/phsp/phsp30x.root phsp 2012  xixipp
/data/liul/workarea/XIXI/fit/boost/2012/xixipp/v1/phsp/phsp30x.root
Finish
1   1
11   /data/liul/workarea/XIXI/fit/boost/2012/xixipp/v1/bkg1/bkg30x.root bkg1 2012  xixipp
/data/liul/workarea/XIXI/fit/boost/2012/xixipp/v1/bkg1/bkg30x.root
Finish
N[0][0] : 4698
N[0][1] : 121755
N[0][2] : 26624
N[0][3] : 4332
N[0][4] : 116238
N[0][5] : 20877
N[1][0] : 25480
N[1][1] : 654635
N[1][2] : 143517
N[1][3] : 23037
N[1][4] : 620876
N[1][5] : 112184
out.txt
OK 11111111113
OK
OK 11111111111
OK 11111111111
 **********
 **    1 **SET PRINT           0
 **********
 **********
 **    2 **SET ERR         0.5
 **********
 PARAMETER DEFINITIONS:
    NO.   NAME         VALUE      STEP SIZE      LIMITS
     1 alpha_jpsi   5.86000e-01  1.00000e-03   -1.00000e+00  1.00000e+00
     2 dphi_jpsi    1.12100e+00  1.00000e-03   -3.14159e+00  3.14159e+00
OK 11111111111
     3 xi_alpha    -3.75600e-01  1.00000e-03   -1.00000e+00  0.00000e+00
     4 xi_phi       1.20000e-02  1.00000e-03   -3.14159e+00  3.14159e+00
     5 xib_alpha    3.75600e-01  1.00000e-03    0.00000e+00  1.00000e+00
     6 xib_phi     -1.20000e-02  1.00000e-03   -3.14159e+00  3.14159e+00
     7 L1_alpha     6.92000e-01  1.00000e-03    0.00000e+00  1.00000e+00
     8 L2_alpha    -7.51000e-01  1.00000e-03   -1.00000e+00  0.00000e+00
     9 L3_alpha     7.51000e-01  1.00000e-03    1.00000e+00  0.00000e+00
 MINUIT WARNING IN PARAM DEF
 ============== PARAMETER LIMITS WERE REVERSED.
 PARAMETER DEFINITIONS:
    NO.   NAME         VALUE      STEP SIZE      LIMITS
    10 L4_alpha    -6.92000e-01  1.00000e-03   -1.00000e+00  0.00000e+00
OK 11111111113
OK 11111111114
 **********
 **    3 **MINI
 **********
Loglike: 30373
0.587203 1.121 -0.3756 0.012 0.3756 -0.012 0.692 -0.751 0.751 -0.692 
Loglike: 30370.1
0.589336 1.13213 -0.363502 -0.00377181 0.374926 -0.00811772 0.679161 -0.747476 0.726314 -0.706831 
 MIGRAD MINIMIZATION HAS CONVERGED.
 MIGRAD WILL VERIFY CONVERGENCE AND ERROR MATRIX.
Loglike: 30370.1
0.590953 1.13294 -0.362756 -0.00350243 0.375036 -0.00795596 0.678564 -0.747455 0.728162 -0.706909 
 FCN=30370.1 FROM MIGRAD    STATUS=CONVERGED     246 CALLS         247 TOTAL
                     EDM=8.20492e-06    STRATEGY= 1      ERROR MATRIX ACCURATE 
  EXT PARAMETER                                   STEP         FIRST   
  NO.   NAME      VALUE            ERROR          SIZE      DERIVATIVE 
   1  alpha_jpsi   5.89169e-01   1.67780e-02   2.20981e-03  -3.41014e-02
   2  dphi_jpsi    1.13294e+00   5.75752e-02   2.05931e-03   2.36228e-03
   3  xi_alpha    -3.63828e-01   9.27118e-03   2.22852e-03  -2.52164e-02
   4  xi_phi      -3.50243e-03   2.56727e-02   9.81648e-04   1.12825e-01
   5  xib_alpha    3.75036e-01   9.21512e-03   2.16867e-03   5.71318e-02
   6  xib_phi     -7.95596e-03   2.60231e-02   9.93579e-04   6.65660e-02
   7  L1_alpha     6.78564e-01   1.81135e-02   4.19678e-03   3.37550e-02
   8  L2_alpha    -7.47455e-01   1.84835e-02   4.49207e-03   2.24444e-02
   9  L3_alpha     7.28162e-01   1.88349e-02   4.52779e-03  -2.52654e-02
  10  L4_alpha    -7.06909e-01   1.88661e-02   4.43319e-03  -3.51392e-03
                               ERR DEF= 0.5
OK 11111111115
 **********
 **    4 **MINOS
 **********
Loglike: 30370.6
0.572391 1.1071 -0.363975 -0.00306217 0.374729 -0.00858275 0.680064 -0.74944 0.729875 -0.707313 
Loglike: 30370.7
0.579821 1.07536 -0.363881 -0.00351937 0.374593 -0.00822243 0.680028 -0.750454 0.730741 -0.709093 
Loglike: 30370.6
0.589433 1.13324 -0.354557 -0.00667308 0.375057 -0.00826698 0.681739 -0.747192 0.731767 -0.706366 
Loglike: 30370.6
0.589457 1.1329 -0.363796 -0.0291751 0.375029 -0.00930567 0.680589 -0.747653 0.728319 -0.70667 
Loglike: 30370.6
0.588598 1.13009 -0.363856 -0.0035475 0.365821 -0.00802926 0.677622 -0.752182 0.729735 -0.710612 
Loglike: 30370.6
0.589569 1.12814 -0.362079 -0.00360237 0.375429 -0.00855402 0.696677 -0.74066 0.729144 -0.706894 
Loglike: 30370.6
0.587363 1.12357 -0.36503 -0.00377745 0.372675 -0.00857206 0.67193 -0.765938 0.728422 -0.708223 
Loglike: 30370.6
0.587647 1.12488 -0.361957 -0.00372744 0.374128 -0.00750726 0.679449 -0.747773 0.746997 -0.699877 
Loglike: 30370.6
0.587022 1.12626 -0.364075 -0.00317739 0.373203 -0.00748968 0.678544 -0.746798 0.721184 -0.725775 
 FCN=30370.1 FROM MINOS     STATUS=SUCCESSFUL    879 CALLS        1126 TOTAL
                     EDM=8.20492e-06    STRATEGY= 1      ERROR MATRIX ACCURATE 
  EXT PARAMETER                  PARABOLIC         MINOS ERRORS        
  NO.   NAME      VALUE            ERROR      NEGATIVE      POSITIVE   
   1  alpha_jpsi   5.89169e-01   1.67780e-02  -1.68079e-02   1.67629e-02
   2  dphi_jpsi    1.13294e+00   5.75752e-02  -5.53015e-02   6.02762e-02
   3  xi_alpha    -3.63828e-01   9.27118e-03  -9.27779e-03   9.26818e-03
   4  xi_phi      -3.50243e-03   2.56727e-02  -2.56963e-02   2.56534e-02
   5  xib_alpha    3.75036e-01   9.21512e-03  -9.21675e-03   9.21256e-03
   6  xib_phi     -7.95596e-03   2.60231e-02  -2.60424e-02   2.60087e-02
   7  L1_alpha     6.78564e-01   1.81135e-02  -1.81031e-02   1.81269e-02
   8  L2_alpha    -7.47455e-01   1.84835e-02  -1.85793e-02   1.84029e-02
   9  L3_alpha     7.28162e-01   1.88349e-02  -1.87743e-02   1.89098e-02
  10  L4_alpha    -7.06909e-01   1.88661e-02  -1.89151e-02   1.88351e-02
                               ERR DEF= 0.5
OK 11111111115
 EXTERNAL ERROR MATRIX.    NDIM=  25    NPAR= 10    ERR DEF=0.5
  2.815e-04  4.329e-04  2.458e-06 -7.387e-06  5.157e-06  1.052e-05 -2.519e-05  3.336e-05 -2.876e-05  4.047e-05 
  4.329e-04  3.315e-03  3.064e-06  9.757e-07  2.553e-05  1.534e-05 -8.438e-05  1.730e-04 -1.487e-04  1.259e-04 
  2.458e-06  3.064e-06  8.597e-05 -8.353e-07  2.671e-07 -2.740e-06  3.025e-05  2.397e-06  3.378e-05  4.669e-06 
 -7.387e-06  9.757e-07 -8.353e-07  6.591e-04  1.882e-07  3.465e-05 -1.730e-06  5.085e-06 -4.010e-06 -6.134e-06 
  5.157e-06  2.553e-05  2.671e-07  1.882e-07  8.493e-05  6.491e-07  7.926e-06  4.369e-05  3.732e-06  3.462e-05 
  1.052e-05  1.534e-05 -2.740e-06  3.465e-05  6.491e-07  6.772e-04 -1.082e-05  1.139e-05  8.863e-06 -8.799e-06 
 -2.519e-05 -8.438e-05  3.025e-05 -1.730e-06  7.926e-06 -1.082e-05  3.283e-04  1.223e-04  1.678e-05  3.633e-07 
  3.336e-05  1.730e-04  2.397e-06  5.085e-06  4.369e-05  1.139e-05  1.223e-04  3.418e-04 -4.807e-06  2.432e-05 
 -2.876e-05 -1.487e-04  3.378e-05 -4.010e-06  3.732e-06  8.863e-06  1.678e-05 -4.807e-06  3.550e-04  1.312e-04 
  4.047e-05  1.259e-04  4.669e-06 -6.134e-06  3.462e-05 -8.799e-06  3.633e-07  2.432e-05  1.312e-04  3.561e-04 
 PARAMETER  CORRELATION COEFFICIENTS  
       NO.  GLOBAL      1      2      3      4      5      6      7      8      9     10
        1  0.46683   1.000  0.448  0.016 -0.017  0.033  0.024 -0.083  0.108 -0.091  0.128
        2  0.49203   0.448  1.000  0.006  0.001  0.048  0.010 -0.081  0.163 -0.137  0.116
        3  0.27693   0.016  0.006  1.000 -0.004  0.003 -0.011  0.180  0.014  0.193  0.027
        4  0.05869  -0.017  0.001 -0.004  1.000  0.001  0.052 -0.004  0.011 -0.008 -0.013
        5  0.32229   0.033  0.048  0.003  0.001  1.000  0.003  0.047  0.256  0.021  0.199
        6  0.08035   0.024  0.010 -0.011  0.052  0.003  1.000 -0.023  0.024  0.018 -0.018
        7  0.43839  -0.083 -0.081  0.180 -0.004  0.047 -0.023  1.000  0.365  0.049  0.001
        8  0.47995   0.108  0.163  0.014  0.011  0.256  0.024  0.365  1.000 -0.014  0.070
        9  0.45913  -0.091 -0.137  0.193 -0.008  0.021  0.018  0.049 -0.014  1.000  0.369
       10  0.45885   0.128  0.116  0.027 -0.013  0.199 -0.018  0.001  0.070  0.369  1.000
OK 11111111115
0   0
0   /data/liul/workarea/XIXI/fit/boost/2009/xixipm/v1/mdiy/mdiy30x.root mdiy 2009  xixipm
/data/liul/workarea/XIXI/fit/boost/2009/xixipm/v1/mdiy/mdiy30x.root
Finish
0   0
1   /data/liul/workarea/XIXI/fit/boost/2009/xixipm/v1/phsp/phsp30x.root phsp 2009  xixipm
/data/liul/workarea/XIXI/fit/boost/2009/xixipm/v1/phsp/phsp30x.root
Finish
0   0
2   /data/liul/workarea/XIXI/fit/boost/2009/xixipm/v1/bkg1/bkg30x.root bkg1 2009  xixipm
/data/liul/workarea/XIXI/fit/boost/2009/xixipm/v1/bkg1/bkg30x.root
Finish
0   1
3   /data/liul/workarea/XIXI/fit/boost/2009/xixipp/v1/mdiy/mdiy30x.root mdiy 2009  xixipp
/data/liul/workarea/XIXI/fit/boost/2009/xixipp/v1/mdiy/mdiy30x.root
Finish
0   1
4   /data/liul/workarea/XIXI/fit/boost/2009/xixipp/v1/phsp/phsp30x.root phsp 2009  xixipp
/data/liul/workarea/XIXI/fit/boost/2009/xixipp/v1/phsp/phsp30x.root
Finish
0   1
5   /data/liul/workarea/XIXI/fit/boost/2009/xixipp/v1/bkg1/bkg30x.root bkg1 2009  xixipp
/data/liul/workarea/XIXI/fit/boost/2009/xixipp/v1/bkg1/bkg30x.root
Finish
1   0
6   /data/liul/workarea/XIXI/fit/boost/2012/xixipm/v1/mdiy/mdiy30x.root mdiy 2012  xixipm
/data/liul/workarea/XIXI/fit/boost/2012/xixipm/v1/mdiy/mdiy30x.root
Finish
1   0
7   /data/liul/workarea/XIXI/fit/boost/2012/xixipm/v1/phsp/phsp30x.root phsp 2012  xixipm
/data/liul/workarea/XIXI/fit/boost/2012/xixipm/v1/phsp/phsp30x.root
Finish
1   0
8   /data/liul/workarea/XIXI/fit/boost/2012/xixipm/v1/bkg1/bkg30x.root bkg1 2012  xixipm
/data/liul/workarea/XIXI/fit/boost/2012/xixipm/v1/bkg1/bkg30x.root
Finish
1   1
9   /data/liul/workarea/XIXI/fit/boost/2012/xixipp/v1/mdiy/mdiy30x.root mdiy 2012  xixipp
/data/liul/workarea/XIXI/fit/boost/2012/xixipp/v1/mdiy/mdiy30x.root
Finish
1   1
10   /data/liul/workarea/XIXI/fit/boost/2012/xixipp/v1/phsp/phsp30x.root phsp 2012  xixipp
/data/liul/workarea/XIXI/fit/boost/2012/xixipp/v1/phsp/phsp30x.root
Finish
1   1
11   /data/liul/workarea/XIXI/fit/boost/2012/xixipp/v1/bkg1/bkg30x.root bkg1 2012  xixipp
/data/liul/workarea/XIXI/fit/boost/2012/xixipp/v1/bkg1/bkg30x.root
Finish
N[0][0] : 4654
N[0][1] : 121755
N[0][2] : 26624
N[0][3] : 4272
N[0][4] : 116238
N[0][5] : 20877
N[1][0] : 25224
N[1][1] : 654635
N[1][2] : 143517
N[1][3] : 23077
N[1][4] : 620876
N[1][5] : 112184
out.txt
OK 11111111113
OK
OK 11111111111
OK 11111111111
 **********
 **    1 **SET PRINT           0
 **********
 **********
 **    2 **SET ERR         0.5
 **********
 PARAMETER DEFINITIONS:
    NO.   NAME         VALUE      STEP SIZE      LIMITS
     1 alpha_jpsi   5.86000e-01  1.00000e-03   -1.00000e+00  1.00000e+00
     2 dphi_jpsi    1.12100e+00  1.00000e-03   -3.14159e+00  3.14159e+00
OK 11111111111
     3 xi_alpha    -3.75600e-01  1.00000e-03   -1.00000e+00  0.00000e+00
     4 xi_phi       1.20000e-02  1.00000e-03   -3.14159e+00  3.14159e+00
     5 xib_alpha    3.75600e-01  1.00000e-03    0.00000e+00  1.00000e+00
     6 xib_phi     -1.20000e-02  1.00000e-03   -3.14159e+00  3.14159e+00
     7 L1_alpha     6.92000e-01  1.00000e-03    0.00000e+00  1.00000e+00
     8 L2_alpha    -7.51000e-01  1.00000e-03   -1.00000e+00  0.00000e+00
     9 L3_alpha     7.51000e-01  1.00000e-03    1.00000e+00  0.00000e+00
 MINUIT WARNING IN PARAM DEF
 ============== PARAMETER LIMITS WERE REVERSED.
 PARAMETER DEFINITIONS:
    NO.   NAME         VALUE      STEP SIZE      LIMITS
    10 L4_alpha    -6.92000e-01  1.00000e-03   -1.00000e+00  0.00000e+00
OK 11111111113
OK 11111111114
 **********
 **    3 **MINI
 **********
Loglike: 49438.9
0.588524 1.18863 -0.363158 -0.0601538 0.39216 -0.0882221 0.678747 -0.751116 0.731208 -0.681769 
 MIGRAD MINIMIZATION HAS CONVERGED.
 MIGRAD WILL VERIFY CONVERGENCE AND ERROR MATRIX.
Loglike: 49438.7
0.595686 1.21546 -0.362624 -0.0583903 0.391849 -0.0871021 0.674547 -0.746163 0.729237 -0.677757 
 FCN=49438.7 FROM MIGRAD    STATUS=CONVERGED     273 CALLS         274 TOTAL
                     EDM=4.49023e-06    STRATEGY= 1      ERROR MATRIX ACCURATE 
  EXT PARAMETER                                   STEP         FIRST   
  NO.   NAME      VALUE            ERROR          SIZE      DERIVATIVE 
   1  alpha_jpsi   5.95686e-01   1.61883e-02   2.80260e-03   3.89309e-02
   2  dphi_jpsi    1.21546e+00   5.91868e-02   2.80825e-03   4.39150e-02
   3  xi_alpha    -3.63994e-01   9.34089e-03   2.84789e-03   3.44688e-02
   4  xi_phi      -5.83903e-02   2.62914e-02   1.28316e-03   1.80519e-02
   5  xib_alpha    3.91849e-01   9.28775e-03   2.77044e-03   3.22449e-02
   6  xib_phi     -8.71021e-02   2.67187e-02   1.30424e-03   2.65480e-02
   7  L1_alpha     6.74547e-01   1.82273e-02   5.35399e-03  -1.25999e-03
   8  L2_alpha    -7.46163e-01   1.82996e-02   5.69894e-03  -2.30058e-02
   9  L3_alpha     7.29237e-01   1.85616e-02   5.75460e-03   1.40313e-02
  10  L4_alpha    -6.77757e-01   1.82532e-02   5.42894e-03   1.61415e-02
                               ERR DEF= 0.5
OK 11111111115
 **********
 **    4 **MINOS
 **********
Loglike: 49439.2
0.611875 1.23933 -0.363618 -0.058192 0.392148 -0.0874062 0.672639 -0.744309 0.727538 -0.676191 
Loglike: 49439.2
0.579393 1.19145 -0.363832 -0.0545513 0.391534 -0.0868028 0.676431 -0.748036 0.730918 -0.679368 
Loglike: 49439.2
0.589129 1.15628 -0.363861 -0.0578239 0.391545 -0.0903995 0.67621 -0.748568 0.731609 -0.679497 
Loglike: 49439.2
0.595367 1.21456 -0.354653 -0.0585282 0.391879 -0.0863489 0.6778 -0.743597 0.733377 -0.676954 
Loglike: 49439.2
0.595564 1.21674 -0.363939 -0.0846817 0.391724 -0.0880673 0.674985 -0.746155 0.731694 -0.677608 
Loglike: 49439.2
0.595128 1.21339 -0.364038 -0.0587445 0.382561 -0.0869977 0.673531 -0.750636 0.726542 -0.681337 
Loglike: 49439.2
0.596221 1.20987 -0.362236 -0.0589964 0.392298 -0.0865445 0.692774 -0.739385 0.730289 -0.677665 
Loglike: 49439.2
0.594048 1.20767 -0.362644 -0.0583788 0.389554 -0.0871405 0.66784 -0.764462 0.72954 -0.678894 
Loglike: 49439.2
0.59712 1.22276 -0.366042 -0.0545132 0.391762 -0.0876176 0.673574 -0.745881 0.710675 -0.683973 
 FCN=49438.7 FROM MINOS     STATUS=SUCCESSFUL    892 CALLS        1166 TOTAL
                     EDM=4.49023e-06    STRATEGY= 1      ERROR MATRIX ACCURATE 
  EXT PARAMETER                  PARABOLIC         MINOS ERRORS        
  NO.   NAME      VALUE            ERROR      NEGATIVE      POSITIVE   
   1  alpha_jpsi   5.95686e-01   1.61883e-02  -1.62941e-02   1.61148e-02
   2  dphi_jpsi    1.21546e+00   5.91868e-02  -5.72391e-02   6.14820e-02
   3  xi_alpha    -3.63994e-01   9.34089e-03  -9.36027e-03   9.32565e-03
   4  xi_phi      -5.83903e-02   2.62914e-02  -2.62910e-02   2.62966e-02
   5  xib_alpha    3.91849e-01   9.28775e-03  -9.28362e-03   9.29084e-03
   6  xib_phi     -8.71021e-02   2.67187e-02  -2.67348e-02   2.67086e-02
   7  L1_alpha     6.74547e-01   1.82273e-02  -1.81840e-02   1.82726e-02
   8  L2_alpha    -7.46163e-01   1.82996e-02  -1.83456e-02   1.82656e-02
   9  L3_alpha     7.29237e-01   1.85616e-02  -1.85433e-02   1.85962e-02
  10  L4_alpha    -6.77757e-01   1.82532e-02  -1.83161e-02   1.82090e-02
                               ERR DEF= 0.5
OK 11111111115
 EXTERNAL ERROR MATRIX.    NDIM=  25    NPAR= 10    ERR DEF=0.5
  2.621e-04  3.870e-04 -2.786e-06  3.209e-06  4.852e-06 -4.923e-06 -3.086e-05  2.997e-05 -2.747e-05  2.532e-05 
  3.870e-04  3.504e-03 -7.857e-06 -3.353e-05  1.799e-05 -4.737e-05 -9.853e-05  1.426e-04 -1.406e-04  1.031e-04 
 -2.786e-06 -7.857e-06  8.726e-05 -1.441e-06  2.998e-07  7.112e-06  3.085e-05  3.615e-07  3.921e-05  7.316e-06 
  3.209e-06 -3.353e-05 -1.441e-06  6.913e-04  3.268e-06  2.538e-05 -1.152e-05 -2.100e-07  2.510e-06 -3.916e-06 
  4.852e-06  1.799e-05  2.998e-07  3.268e-06  8.627e-05 -8.695e-07  8.943e-06  4.203e-05  5.043e-07  3.351e-05 
 -4.923e-06 -4.737e-05  7.112e-06  2.538e-05 -8.695e-07  7.139e-04  9.990e-06  7.027e-07  9.408e-06  8.200e-07 
 -3.086e-05 -9.853e-05  3.085e-05 -1.152e-05  8.943e-06  9.990e-06  3.324e-04  1.224e-04  1.873e-05  2.250e-06 
  2.997e-05  1.426e-04  3.615e-07 -2.100e-07  4.203e-05  7.027e-07  1.224e-04  3.351e-04 -5.543e-06  2.082e-05 
 -2.747e-05 -1.406e-04  3.921e-05  2.510e-06  5.043e-07  9.408e-06  1.873e-05 -5.543e-06  3.447e-04  1.167e-04 
  2.532e-05  1.031e-04  7.316e-06 -3.916e-06  3.351e-05  8.200e-07  2.250e-06  2.082e-05  1.167e-04  3.333e-04 
 PARAMETER  CORRELATION COEFFICIENTS  
       NO.  GLOBAL      1      2      3      4      5      6      7      8      9     10
        1  0.42407   1.000  0.404 -0.018  0.008  0.032 -0.011 -0.105  0.101 -0.091  0.086
        2  0.44554   0.404  1.000 -0.014 -0.022  0.033 -0.030 -0.091  0.132 -0.128  0.095
        3  0.29545  -0.018 -0.014  1.000 -0.006  0.003  0.028  0.181  0.002  0.226  0.043
        4  0.05629   0.008 -0.022 -0.006  1.000  0.013  0.036 -0.024 -0.000  0.005 -0.008
        5  0.31733   0.032  0.033  0.003  0.013  1.000 -0.004  0.053  0.247  0.003  0.198
        6  0.05702  -0.011 -0.030  0.028  0.036 -0.004  1.000  0.021  0.001  0.019  0.002
        7  0.44372  -0.105 -0.091  0.181 -0.024  0.053  0.021  1.000  0.367  0.055  0.007
        8  0.47044   0.101  0.132  0.002 -0.000  0.247  0.001  0.367  1.000 -0.016  0.062
        9  0.44226  -0.091 -0.128  0.226  0.005  0.003  0.019  0.055 -0.016  1.000  0.344
       10  0.42519   0.086  0.095  0.043 -0.008  0.198  0.002  0.007  0.062  0.344  1.000
OK 11111111115
0   0
0   /data/liul/workarea/XIXI/fit/boost/2009/xixipm/v1/mdiy/mdiy30x.root mdiy 2009  xixipm
/data/liul/workarea/XIXI/fit/boost/2009/xixipm/v1/mdiy/mdiy30x.root
Finish
0   0
1   /data/liul/workarea/XIXI/fit/boost/2009/xixipm/v1/phsp/phsp30x.root phsp 2009  xixipm
/data/liul/workarea/XIXI/fit/boost/2009/xixipm/v1/phsp/phsp30x.root
Finish
0   0
2   /data/liul/workarea/XIXI/fit/boost/2009/xixipm/v1/bkg1/bkg30x.root bkg1 2009  xixipm
/data/liul/workarea/XIXI/fit/boost/2009/xixipm/v1/bkg1/bkg30x.root
Finish
0   1
3   /data/liul/workarea/XIXI/fit/boost/2009/xixipp/v1/mdiy/mdiy30x.root mdiy 2009  xixipp
/data/liul/workarea/XIXI/fit/boost/2009/xixipp/v1/mdiy/mdiy30x.root
Finish
0   1
4   /data/liul/workarea/XIXI/fit/boost/2009/xixipp/v1/phsp/phsp30x.root phsp 2009  xixipp
/data/liul/workarea/XIXI/fit/boost/2009/xixipp/v1/phsp/phsp30x.root
Finish
0   1
5   /data/liul/workarea/XIXI/fit/boost/2009/xixipp/v1/bkg1/bkg30x.root bkg1 2009  xixipp
/data/liul/workarea/XIXI/fit/boost/2009/xixipp/v1/bkg1/bkg30x.root
Finish
1   0
6   /data/liul/workarea/XIXI/fit/boost/2012/xixipm/v1/mdiy/mdiy30x.root mdiy 2012  xixipm
/data/liul/workarea/XIXI/fit/boost/2012/xixipm/v1/mdiy/mdiy30x.root
Finish
1   0
7   /data/liul/workarea/XIXI/fit/boost/2012/xixipm/v1/phsp/phsp30x.root phsp 2012  xixipm
/data/liul/workarea/XIXI/fit/boost/2012/xixipm/v1/phsp/phsp30x.root
Finish
1   0
8   /data/liul/workarea/XIXI/fit/boost/2012/xixipm/v1/bkg1/bkg30x.root bkg1 2012  xixipm
/data/liul/workarea/XIXI/fit/boost/2012/xixipm/v1/bkg1/bkg30x.root
Finish
1   1
9   /data/liul/workarea/XIXI/fit/boost/2012/xixipp/v1/mdiy/mdiy30x.root mdiy 2012  xixipp
/data/liul/workarea/XIXI/fit/boost/2012/xixipp/v1/mdiy/mdiy30x.root
Finish
1   1
10   /data/liul/workarea/XIXI/fit/boost/2012/xixipp/v1/phsp/phsp30x.root phsp 2012  xixipp
/data/liul/workarea/XIXI/fit/boost/2012/xixipp/v1/phsp/phsp30x.root
Finish
1   1
11   /data/liul/workarea/XIXI/fit/boost/2012/xixipp/v1/bkg1/bkg30x.root bkg1 2012  xixipp
/data/liul/workarea/XIXI/fit/boost/2012/xixipp/v1/bkg1/bkg30x.root
Finish
N[0][0] : 4706
N[0][1] : 121755
N[0][2] : 26624
N[0][3] : 4199
N[0][4] : 116238
N[0][5] : 20877
N[1][0] : 25310
N[1][1] : 654635
N[1][2] : 143517
N[1][3] : 22827
N[1][4] : 620876
N[1][5] : 112184
out.txt
OK 11111111113
OK
OK 11111111111
OK 11111111111
 **********
 **    1 **SET PRINT           0
 **********
 **********
 **    2 **SET ERR         0.5
 **********
 PARAMETER DEFINITIONS:
    NO.   NAME         VALUE      STEP SIZE      LIMITS
     1 alpha_jpsi   5.86000e-01  1.00000e-03   -1.00000e+00  1.00000e+00
     2 dphi_jpsi    1.12100e+00  1.00000e-03   -3.14159e+00  3.14159e+00
OK 11111111111
     3 xi_alpha    -3.75600e-01  1.00000e-03   -1.00000e+00  0.00000e+00
     4 xi_phi       1.20000e-02  1.00000e-03   -3.14159e+00  3.14159e+00
     5 xib_alpha    3.75600e-01  1.00000e-03    0.00000e+00  1.00000e+00
     6 xib_phi     -1.20000e-02  1.00000e-03   -3.14159e+00  3.14159e+00
     7 L1_alpha     6.92000e-01  1.00000e-03    0.00000e+00  1.00000e+00
     8 L2_alpha    -7.51000e-01  1.00000e-03   -1.00000e+00  0.00000e+00
     9 L3_alpha     7.51000e-01  1.00000e-03    1.00000e+00  0.00000e+00
 MINUIT WARNING IN PARAM DEF
 ============== PARAMETER LIMITS WERE REVERSED.
 PARAMETER DEFINITIONS:
    NO.   NAME         VALUE      STEP SIZE      LIMITS
    10 L4_alpha    -6.92000e-01  1.00000e-03   -1.00000e+00  0.00000e+00
OK 11111111113
OK 11111111114
 **********
 **    3 **MINI
 **********
Loglike: 63103.9
0.586 1.121 -0.374082 0.012 0.3756 -0.012 0.692 -0.751 0.751 -0.692 
Loglike: 63098.1
0.604518 1.19508 -0.370312 0.058692 0.369821 -0.0103615 0.679276 -0.719014 0.736168 -0.689544 
 MIGRAD MINIMIZATION HAS CONVERGED.
 MIGRAD WILL VERIFY CONVERGENCE AND ERROR MATRIX.
Loglike: 63098.1
0.6046 1.18648 -0.370408 0.058847 0.369811 -0.0103362 0.679017 -0.719219 0.736248 -0.689275 
 FCN=63098.1 FROM MIGRAD    STATUS=CONVERGED     274 CALLS         275 TOTAL
                     EDM=1.22484e-06    STRATEGY= 1      ERROR MATRIX ACCURATE 
  EXT PARAMETER                                   STEP         FIRST   
  NO.   NAME      VALUE            ERROR          SIZE      DERIVATIVE 
   1  alpha_jpsi   6.04600e-01   1.63230e-02   3.21635e-03   2.64995e-02
   2  dphi_jpsi    1.18648e+00   5.84798e-02   3.12174e-03   2.81363e-02
   3  xi_alpha    -3.70408e-01   9.41308e-03   3.19981e-03  -5.97108e-03
   4  xi_phi       5.88470e-02   2.63698e-02   1.45578e-03   2.95532e-02
   5  xib_alpha    3.69873e-01   9.38488e-03   3.19631e-03   2.35858e-02
   6  xib_phi     -1.03362e-02   2.69592e-02   1.48769e-03   8.65186e-03
   7  L1_alpha     6.79017e-01   1.86314e-02   6.17563e-03   4.03272e-03
   8  L2_alpha    -7.19219e-01   1.85044e-02   6.31451e-03   2.27727e-03
   9  L3_alpha     7.36248e-01   1.88189e-02   6.51084e-03   4.83815e-03
  10  L4_alpha    -6.89275e-01   1.88204e-02   6.28309e-03  -8.60989e-05
                               ERR DEF= 0.5
OK 11111111115
 **********
 **    4 **MINOS
 **********
Loglike: 63098.6
0.620923 1.21072 -0.370725 0.0585738 0.370063 -0.0110251 0.676968 -0.717592 0.734689 -0.684888 
Loglike: 63098.5
0.611 1.24496 -0.370639 0.0589219 0.370082 -0.0109531 0.67697 -0.717194 0.734342 -0.687672 
Loglike: 63098.6
0.597626 1.12995 -0.370172 0.0632683 0.369619 -0.00969503 0.681196 -0.721496 0.738336 -0.691025 
Loglike: 63098.6
0.605124 1.18787 -0.379821 0.0538999 0.369586 -0.0104017 0.674996 -0.719853 0.731561 -0.6904 
Loglike: 63098.6
0.60494 1.18789 -0.370121 0.0588341 0.379258 -0.0104324 0.682995 -0.714434 0.73693 -0.685676 
Loglike: 63098.6
