
[1mRooFit v3.60 -- Developed by Wouter Verkerke and David Kirkby[0m 
                Copyright (C) 2000-2013 NIKHEF, University of California & Stanford University
                All rights reserved, please read http://roofit.sourceforge.net/license.txt

option -a

option -d with value `v1'
option -b

option -i with value `2019'
option -d with value `2019'
/data/liul/workarea/XIXI/fit/boost/2019/xixipm/v1/mdiy/mdiy30x.root => 2019
/data/liul/workarea/XIXI/fit/boost/2019/xixipm/v1/phsp/phsp30x.root => 2019
/data/liul/workarea/XIXI/fit/boost/2019/xixipm/v1/bkg1/bkg30x.root => 2019
/data/liul/workarea/XIXI/fit/boost/2019/xixipp/v1/mdiy/mdiy30x.root => 2019
/data/liul/workarea/XIXI/fit/boost/2019/xixipp/v1/phsp/phsp30x.root => 2019
/data/liul/workarea/XIXI/fit/boost/2019/xixipp/v1/bkg1/bkg30x.root => 2019

0   0
0   /data/liul/workarea/XIXI/fit/boost/2019/xixipm/v1/mdiy/mdiy30x.root mdiy 2019  xixipm
Warning in <TClass::Init>: no dictionary for class ROOT::TIOFeatures is available
/data/liul/workarea/XIXI/fit/boost/2019/xixipm/v1/mdiy/mdiy30x.root
Finish
0   0
1   /data/liul/workarea/XIXI/fit/boost/2019/xixipm/v1/phsp/phsp30x.root phsp 2019  xixipm

[1mRooFit v3.60 -- Developed by Wouter Verkerke and David Kirkby[0m 
                Copyright (C) 2000-2013 NIKHEF, University of California & Stanford University
                All rights reserved, please read http://roofit.sourceforge.net/license.txt

option -a

option -d with value `v1'
option -b

option -i with value `2019'
option -d with value `2019'
/data/liul/workarea/XIXI/fit/boost/2019/xixipm/v1/mdiy/mdiy30x.root => 2019
/data/liul/workarea/XIXI/fit/boost/2019/xixipm/v1/phsp/phsp30x.root => 2019
/data/liul/workarea/XIXI/fit/boost/2019/xixipm/v1/bkg1/bkg30x.root => 2019
/data/liul/workarea/XIXI/fit/boost/2019/xixipp/v1/mdiy/mdiy30x.root => 2019
/data/liul/workarea/XIXI/fit/boost/2019/xixipp/v1/phsp/phsp30x.root => 2019
/data/liul/workarea/XIXI/fit/boost/2019/xixipp/v1/bkg1/bkg30x.root => 2019

0   0
0   /data/liul/workarea/XIXI/fit/boost/2019/xixipm/v1/mdiy/mdiy30x.root mdiy 2019  xixipm
Warning in <TClass::Init>: no dictionary for class ROOT::TIOFeatures is available
/data/liul/workarea/XIXI/fit/boost/2019/xixipm/v1/mdiy/mdiy30x.root
Finish
0   0
1   /data/liul/workarea/XIXI/fit/boost/2019/xixipm/v1/phsp/phsp30x.root phsp 2019  xixipm
/data/liul/workarea/XIXI/fit/boost/2019/xixipm/v1/phsp/phsp30x.root
Finish
0   0
2   /data/liul/workarea/XIXI/fit/boost/2019/xixipm/v1/bkg1/bkg30x.root bkg1 2019  xixipm
/data/liul/workarea/XIXI/fit/boost/2019/xixipm/v1/bkg1/bkg30x.root
Finish
0   1
3   /data/liul/workarea/XIXI/fit/boost/2019/xixipp/v1/mdiy/mdiy30x.root mdiy 2019  xixipp
/data/liul/workarea/XIXI/fit/boost/2019/xixipp/v1/mdiy/mdiy30x.root
Finish
0   1
4   /data/liul/workarea/XIXI/fit/boost/2019/xixipp/v1/phsp/phsp30x.root phsp 2019  xixipp
/data/liul/workarea/XIXI/fit/boost/2019/xixipp/v1/phsp/phsp30x.root
Finish
0   1
5   /data/liul/workarea/XIXI/fit/boost/2019/xixipp/v1/bkg1/bkg30x.root bkg1 2019  xixipp
/data/liul/workarea/XIXI/fit/boost/2019/xixipp/v1/bkg1/bkg30x.root
Finish
N[0][0] : 72967
N[0][1] : 2340877
N[0][2] : 529316
N[0][3] : 67136
N[0][4] : 2148680
N[0][5] : 398110
out.txt
OK 11111111113
OK
OK 11111111111
OK 11111111111
 **********
 **    1 **SET PRINT           0
 **********
 **********
 **    2 **SET ERR         0.5
 **********
 PARAMETER DEFINITIONS:
    NO.   NAME         VALUE      STEP SIZE      LIMITS
     1 alpha_jpsi   5.86000e-01  1.00000e-03   -1.00000e+00  1.00000e+00
     2 dphi_jpsi    1.12100e+00  1.00000e-03   -3.14159e+00  3.14159e+00
OK 11111111111
     3 xi_alpha    -3.75600e-01  1.00000e-03   -1.00000e+00  0.00000e+00
     4 xi_phi       1.20000e-02  1.00000e-03   -3.14159e+00  3.14159e+00
     5 xib_alpha    3.75600e-01  1.00000e-03    0.00000e+00  1.00000e+00
     6 xib_phi     -1.20000e-02  1.00000e-03   -3.14159e+00  3.14159e+00
     7 L1_alpha     6.92000e-01  1.00000e-03    0.00000e+00  1.00000e+00
     8 L2_alpha    -7.51000e-01  1.00000e-03   -1.00000e+00  0.00000e+00
     9 L3_alpha     7.51000e-01  1.00000e-03    1.00000e+00  0.00000e+00
 MINUIT WARNING IN PARAM DEF
 ============== PARAMETER LIMITS WERE REVERSED.
 PARAMETER DEFINITIONS:
    NO.   NAME         VALUE      STEP SIZE      LIMITS
    10 L4_alpha    -6.92000e-01  1.00000e-03   -1.00000e+00  0.00000e+00
OK 11111111113
OK 11111111114
 **********
 **    3 **MINI
 **********
Loglike: -9373.22
0.586 1.121 -0.3756 0.012 0.3756 -0.012 0.692 -0.751 0.751 -0.692 
Loglike: -9378.29
0.573244 1.1477 -0.38148 0.00867231 0.366865 -0.0194685 0.685119 -0.761478 0.757218 -0.700122 
 MIGRAD MINIMIZATION HAS CONVERGED.
 MIGRAD WILL VERIFY CONVERGENCE AND ERROR MATRIX.
Loglike: -9378.29
0.572694 1.14714 -0.381581 0.00902681 0.367058 -0.0190121 0.68523 -0.761523 0.756661 -0.700561 

[1mRooFit v3.60 -- Developed by Wouter Verkerke and David Kirkby[0m 
                Copyright (C) 2000-2013 NIKHEF, University of California & Stanford University
                All rights reserved, please read http://roofit.sourceforge.net/license.txt

option -a

option -d with value `v1'
option -b

option -i with value `2019'
option -d with value `2019'
/data/liul/workarea/XIXI/fit/boost/2019/xixipm/v1/mdiy/mdiy30x.root => 2019
/data/liul/workarea/XIXI/fit/boost/2019/xixipm/v1/phsp/phsp30x.root => 2019
/data/liul/workarea/XIXI/fit/boost/2019/xixipm/v1/bkg1/bkg30x.root => 2019
/data/liul/workarea/XIXI/fit/boost/2019/xixipp/v1/mdiy/mdiy30x.root => 2019
/data/liul/workarea/XIXI/fit/boost/2019/xixipp/v1/phsp/phsp30x.root => 2019
/data/liul/workarea/XIXI/fit/boost/2019/xixipp/v1/bkg1/bkg30x.root => 2019

0   0
0   /data/liul/workarea/XIXI/fit/boost/2019/xixipm/v1/mdiy/mdiy30x.root mdiy 2019  xixipm
Warning in <TClass::Init>: no dictionary for class ROOT::TIOFeatures is available
/data/liul/workarea/XIXI/fit/boost/2019/xixipm/v1/mdiy/mdiy30x.root
Finish
0   0
1   /data/liul/workarea/XIXI/fit/boost/2019/xixipm/v1/phsp/phsp30x.root phsp 2019  xixipm
/data/liul/workarea/XIXI/fit/boost/2019/xixipm/v1/phsp/phsp30x.root
Finish
0   0
2   /data/liul/workarea/XIXI/fit/boost/2019/xixipm/v1/bkg1/bkg30x.root bkg1 2019  xixipm
/data/liul/workarea/XIXI/fit/boost/2019/xixipm/v1/bkg1/bkg30x.root
Finish
0   1
3   /data/liul/workarea/XIXI/fit/boost/2019/xixipp/v1/mdiy/mdiy30x.root mdiy 2019  xixipp
/data/liul/workarea/XIXI/fit/boost/2019/xixipp/v1/mdiy/mdiy30x.root
Finish
0   1
4   /data/liul/workarea/XIXI/fit/boost/2019/xixipp/v1/phsp/phsp30x.root phsp 2019  xixipp
/data/liul/workarea/XIXI/fit/boost/2019/xixipp/v1/phsp/phsp30x.root
Finish
0   1
5   /data/liul/workarea/XIXI/fit/boost/2019/xixipp/v1/bkg1/bkg30x.root bkg1 2019  xixipp
/data/liul/workarea/XIXI/fit/boost/2019/xixipp/v1/bkg1/bkg30x.root
Finish
N[0][0] : 72967
N[0][1] : 2340877
N[0][2] : 529316
N[0][3] : 67136
N[0][4] : 2148680
N[0][5] : 398110
out.txt
OK 11111111113
OK
OK 11111111111
OK 11111111111
 **********
 **    1 **SET PRINT           0
 **********
 **********
 **    2 **SET ERR         0.5
 **********
 PARAMETER DEFINITIONS:
    NO.   NAME         VALUE      STEP SIZE      LIMITS
     1 alpha_jpsi   5.86000e-01  1.00000e-03   -1.00000e+00  1.00000e+00
     2 dphi_jpsi    1.12100e+00  1.00000e-03   -3.14159e+00  3.14159e+00
OK 11111111111
     3 xi_alpha    -3.75600e-01  1.00000e-03   -1.00000e+00  0.00000e+00
     4 xi_phi       1.20000e-02  1.00000e-03   -3.14159e+00  3.14159e+00
     5 xib_alpha    3.75600e-01  1.00000e-03    0.00000e+00  1.00000e+00
     6 xib_phi     -1.20000e-02  1.00000e-03   -3.14159e+00  3.14159e+00
     7 L1_alpha     6.92000e-01  1.00000e-03    0.00000e+00  1.00000e+00
     8 L2_alpha    -7.51000e-01  1.00000e-03   -1.00000e+00  0.00000e+00
     9 L3_alpha     7.51000e-01  1.00000e-03    1.00000e+00  0.00000e+00
 MINUIT WARNING IN PARAM DEF
 ============== PARAMETER LIMITS WERE REVERSED.
 PARAMETER DEFINITIONS:
    NO.   NAME         VALUE      STEP SIZE      LIMITS
    10 L4_alpha    -6.92000e-01  1.00000e-03   -1.00000e+00  0.00000e+00
OK 11111111113
OK 11111111114
 **********
 **    3 **MINI
 **********
Loglike: -9373.22
0.586 1.121 -0.3756 0.012 0.3756 -0.012 0.692 -0.751 0.751 -0.692 
Loglike: -9378.29
0.573244 1.1477 -0.38148 0.00867231 0.366865 -0.0194685 0.685119 -0.761478 0.757218 -0.700122 
 MIGRAD MINIMIZATION HAS CONVERGED.
 MIGRAD WILL VERIFY CONVERGENCE AND ERROR MATRIX.
Loglike: -9378.29
0.572694 1.14714 -0.381581 0.00902681 0.367058 -0.0190121 0.68523 -0.761523 0.756661 -0.700561 
 FCN=-9378.29 FROM MIGRAD    STATUS=CONVERGED     263 CALLS         264 TOTAL
                     EDM=1.57676e-06    STRATEGY= 1      ERROR MATRIX ACCURATE 
  EXT PARAMETER                                   STEP         FIRST   
  NO.   NAME      VALUE             ERROR          SIZE      DERIVATIVE 
    1  alpha_jpsi   5.72694e-01    9.39679e-03   6.93716e-04   2.83494e-02
    2  dphi_jpsi    1.14714e+00    3.03042e-02   6.20160e-04  -3.80715e-02
    3  xi_alpha    -3.81513e-01    5.36531e-03   7.01765e-04  -4.30302e-02
    4  xi_phi       9.02681e-03    1.51051e-02   3.21425e-04  -2.91935e-02
    5  xib_alpha    3.67058e-01    5.33310e-03   7.03474e-04   1.68237e-02
    6  xib_phi     -1.90121e-02    1.47642e-02   3.14218e-04  -3.92743e-02
    7  L1_alpha     6.85230e-01    1.04678e-02   1.34442e-03  -3.64948e-02
    8  L2_alpha    -7.61523e-01    1.07990e-02   1.48377e-03   2.18121e-02
    9  L3_alpha     7.56661e-01    1.09866e-02   1.49845e-03   3.24027e-02
   10  L4_alpha    -7.00561e-01    1.09843e-02   1.42175e-03  -8.35684e-03
                               ERR DEF= 0.5
OK 11111111115
 **********
 **    4 **MINOS
 **********
Loglike: -9377.79
0.58209 1.15954 -0.38156 0.00909558 0.367194 -0.0189397 0.684321 -0.760306 0.755747 -0.698846 
Loglike: -9377.79
0.575941 1.17805 -0.38153 0.00886797 0.367129 -0.0189918 0.684271 -0.759947 0.755444 -0.699641 
Loglike: -9377.79
0.572607 1.14703 -0.376148 0.00909787 0.367534 -0.018958 0.68715 -0.761368 0.75939 -0.69973 
Loglike: -9377.79
0.572727 1.14683 -0.381498 0.0241319 0.36705 -0.0187181 0.68453 -0.761568 0.756691 -0.700605 
Loglike: -9377.79
0.572452 1.14673 -0.381651 0.00904545 0.361725 -0.0190099 0.684505 -0.764179 0.756212 -0.70202 
Loglike: -9377.79
0.571877 1.14617 -0.380529 0.008958 0.367427 -0.0190314 0.695697 -0.757412 0.757322 -0.700394 
Loglike: -9377.79
0.573744 1.15152 -0.381419 0.00794562 0.368347 -0.0189597 0.689187 -0.750724 0.756598 -0.699881 
Loglike: -9377.79
0.573468 1.15049 -0.382849 0.00893152 0.36684 -0.0190511 0.685225 -0.76146 0.745674 -0.704948 
Loglike: -9377.79
0.571783 1.14456 -0.381905 0.00910079 0.366008 -0.0190529 0.685079 -0.76222 0.751597 -0.711545 
 FCN=-9378.29 FROM MINOS     STATUS=SUCCESSFUL    837 CALLS        1101 TOTAL
                     EDM=1.57676e-06    STRATEGY= 1      ERROR MATRIX ACCURATE 
  EXT PARAMETER                  PARABOLIC         MINOS ERRORS        
  NO.   NAME      VALUE             ERROR      NEGATIVE      POSITIVE   
    1  alpha_jpsi   5.72694e-01    9.39679e-03  -9.41108e-03   9.38412e-03
    2  dphi_jpsi    1.14714e+00    3.03042e-02  -2.97268e-02   3.09269e-02
    3  xi_alpha    -3.81513e-01    5.36531e-03  -5.36631e-03   5.36500e-03
    4  xi_phi       9.02681e-03    1.51051e-02  -1.51049e-02   1.51064e-02
    5  xib_alpha    3.67058e-01    5.33310e-03  -5.33132e-03   5.33464e-03
    6  xib_phi     -1.90121e-02    1.47642e-02  -1.47613e-02   1.47679e-02
    7  L1_alpha     6.85230e-01    1.04678e-02  -1.04489e-02   1.04876e-02
    8  L2_alpha    -7.61523e-01    1.07990e-02  -1.08194e-02   1.07808e-02
    9  L3_alpha     7.56661e-01    1.09866e-02  -1.09787e-02   1.09979e-02
   10  L4_alpha    -7.00561e-01    1.09843e-02  -1.10015e-02   1.09706e-02
                               ERR DEF= 0.5
OK 11111111115
 EXTERNAL ERROR MATRIX.    NDIM=  25    NPAR= 10    ERR DEF=0.5
  8.830e-05  1.152e-04 -4.658e-07  6.184e-07  1.289e-06  6.430e-07 -8.547e-06  1.142e-05 -8.506e-06  9.909e-06 
  1.152e-04  9.184e-04 -5.978e-07 -4.866e-06  2.189e-06  5.019e-07 -2.912e-05  4.788e-05 -3.683e-05  2.764e-05 
 -4.658e-07 -5.978e-07  2.879e-05  3.812e-07  7.329e-07  2.903e-07  1.031e-05  8.311e-07  1.467e-05  4.458e-06 
  6.184e-07 -4.866e-06  3.812e-07  2.282e-04 -9.941e-08  4.412e-06 -7.204e-07 -7.684e-07  1.047e-06 -7.761e-07 
  1.289e-06  2.189e-06  7.329e-07 -9.941e-08  2.844e-05 -1.169e-08  3.863e-06  1.419e-05  2.392e-06  1.125e-05 
  6.430e-07  5.019e-07  2.903e-07  4.412e-06 -1.169e-08  2.180e-04 -2.015e-07  5.723e-07  4.278e-07  5.255e-07 
 -8.547e-06 -2.912e-05  1.031e-05 -7.204e-07  3.863e-06 -2.015e-07  1.096e-04  4.292e-05  6.922e-06  1.751e-06 
  1.142e-05  4.788e-05  8.311e-07 -7.684e-07  1.419e-05  5.723e-07  4.292e-05  1.166e-04 -6.912e-07  7.457e-06 
 -8.506e-06 -3.683e-05  1.467e-05  1.047e-06  2.392e-06  4.278e-07  6.922e-06 -6.912e-07  1.207e-04  4.830e-05 
  9.909e-06  2.764e-05  4.458e-06 -7.761e-07  1.125e-05  5.255e-07  1.751e-06  7.457e-06  4.830e-05  1.207e-04 
 PARAMETER  CORRELATION COEFFICIENTS  
       NO.  GLOBAL      1      2      3      4      5      6      7      8      9     10
        1  0.42552   1.000  0.405 -0.009  0.004  0.026  0.005 -0.087  0.113 -0.082  0.096
        2  0.44623   0.405  1.000 -0.004 -0.011  0.014  0.001 -0.092  0.146 -0.111  0.083
        3  0.31203  -0.009 -0.004  1.000  0.005  0.026  0.004  0.184  0.014  0.249  0.076
        4  0.02695   0.004 -0.011  0.005  1.000 -0.001  0.020 -0.005 -0.005  0.006 -0.005
        5  0.31008   0.026  0.014  0.026 -0.001  1.000 -0.000  0.069  0.246  0.041  0.192
        6  0.02135   0.005  0.001  0.004  0.020 -0.000  1.000 -0.001  0.004  0.003  0.003
        7  0.45227  -0.087 -0.092  0.184 -0.005  0.069 -0.001  1.000  0.380  0.060  0.015
        8  0.48332   0.113  0.146  0.014 -0.005  0.246  0.004  0.380  1.000 -0.006  0.063
        9  0.48411  -0.082 -0.111  0.249  0.006  0.041  0.003  0.060 -0.006  1.000  0.400
       10  0.46283   0.096  0.083  0.076 -0.005  0.192  0.003  0.015  0.063  0.400  1.000
OK 11111111115
0   0
0   /data/liul/workarea/XIXI/fit/boost/2019/xixipm/v1/mdiy/mdiy30x.root mdiy 2019  xixipm
/data/liul/workarea/XIXI/fit/boost/2019/xixipm/v1/mdiy/mdiy30x.root
Finish
0   0
1   /data/liul/workarea/XIXI/fit/boost/2019/xixipm/v1/phsp/phsp30x.root phsp 2019  xixipm
/data/liul/workarea/XIXI/fit/boost/2019/xixipm/v1/phsp/phsp30x.root
Finish
0   0
2   /data/liul/workarea/XIXI/fit/boost/2019/xixipm/v1/bkg1/bkg30x.root bkg1 2019  xixipm
/data/liul/workarea/XIXI/fit/boost/2019/xixipm/v1/bkg1/bkg30x.root
Finish
0   1
3   /data/liul/workarea/XIXI/fit/boost/2019/xixipp/v1/mdiy/mdiy30x.root mdiy 2019  xixipp
/data/liul/workarea/XIXI/fit/boost/2019/xixipp/v1/mdiy/mdiy30x.root
Finish
0   1
4   /data/liul/workarea/XIXI/fit/boost/2019/xixipp/v1/phsp/phsp30x.root phsp 2019  xixipp
/data/liul/workarea/XIXI/fit/boost/2019/xixipp/v1/phsp/phsp30x.root
Finish
0   1
5   /data/liul/workarea/XIXI/fit/boost/2019/xixipp/v1/bkg1/bkg30x.root bkg1 2019  xixipp
/data/liul/workarea/XIXI/fit/boost/2019/xixipp/v1/bkg1/bkg30x.root
Finish
N[0][0] : 73457
N[0][1] : 2340877
N[0][2] : 529316
N[0][3] : 66735
N[0][4] : 2148680
N[0][5] : 398110
out.txt
OK 11111111113
OK
OK 11111111111
OK 11111111111
 **********
 **    1 **SET PRINT           0
 **********
 **********
 **    2 **SET ERR         0.5
 **********
 PARAMETER DEFINITIONS:
    NO.   NAME         VALUE      STEP SIZE      LIMITS
     1 alpha_jpsi   5.86000e-01  1.00000e-03   -1.00000e+00  1.00000e+00
     2 dphi_jpsi    1.12100e+00  1.00000e-03   -3.14159e+00  3.14159e+00
OK 11111111111
     3 xi_alpha    -3.75600e-01  1.00000e-03   -1.00000e+00  0.00000e+00
     4 xi_phi       1.20000e-02  1.00000e-03   -3.14159e+00  3.14159e+00
     5 xib_alpha    3.75600e-01  1.00000e-03    0.00000e+00  1.00000e+00
     6 xib_phi     -1.20000e-02  1.00000e-03   -3.14159e+00  3.14159e+00
     7 L1_alpha     6.92000e-01  1.00000e-03    0.00000e+00  1.00000e+00
     8 L2_alpha    -7.51000e-01  1.00000e-03   -1.00000e+00  0.00000e+00
     9 L3_alpha     7.51000e-01  1.00000e-03    1.00000e+00  0.00000e+00
 MINUIT WARNING IN PARAM DEF
 ============== PARAMETER LIMITS WERE REVERSED.
 PARAMETER DEFINITIONS:
    NO.   NAME         VALUE      STEP SIZE      LIMITS
    10 L4_alpha    -6.92000e-01  1.00000e-03   -1.00000e+00  0.00000e+00
OK 11111111113
OK 11111111114
 **********
 **    3 **MINI
 **********
Loglike: 87946.9
0.591946 1.1857 -0.377914 0.0205216 0.376327 -0.00559124 0.707861 -0.737008 0.736026 -0.697693 
 MIGRAD MINIMIZATION HAS CONVERGED.
 MIGRAD WILL VERIFY CONVERGENCE AND ERROR MATRIX.
Loglike: 87946.9
0.592198 1.18756 -0.377907 0.01998 0.376501 -0.00594551 0.709255 -0.737022 0.736007 -0.696905 
 FCN=87946.9 FROM MIGRAD    STATUS=CONVERGED     273 CALLS         274 TOTAL
                     EDM=1.35831e-06    STRATEGY= 1      ERROR MATRIX ACCURATE 
  EXT PARAMETER                                   STEP         FIRST   
  NO.   NAME      VALUE             ERROR          SIZE      DERIVATIVE 
    1  alpha_jpsi   5.92198e-01    9.28010e-03   2.14786e-03   5.03219e-03
    2  dphi_jpsi    1.18732e+00    3.26181e-02   2.06847e-03  -2.66089e-02
    3  xi_alpha    -3.77907e-01    5.36043e-03   2.14976e-03  -8.09256e-02
    4  xi_phi       1.99800e-02    1.49304e-02   9.72843e-04  -2.06934e-02
    5  xib_alpha    3.76501e-01    5.36287e-03   2.15347e-03   2.51784e-02
    6  xib_phi     -5.94551e-03    1.50624e-02   9.81536e-04  -3.28060e-02
    7  L1_alpha     7.09255e-01    1.04971e-02   4.21239e-03   5.71806e-03
    8  L2_alpha    -7.37022e-01    1.04664e-02   4.29383e-03   1.85013e-02
    9  L3_alpha     7.36007e-01    1.09403e-02   4.50361e-03   5.67982e-03
   10  L4_alpha    -6.96905e-01    1.09402e-02   4.36929e-03   1.58204e-02
                               ERR DEF= 0.5
OK 11111111115
 **********
 **    4 **MINOS
 **********
Loglike: 87947.4
0.601478 1.20039 -0.378035 0.0168015 0.376576 -0.00594686 0.708371 -0.736049 0.734974 -0.696084 
Loglike: 87947.4
0.595804 1.22063 -0.378028 0.0198149 0.376562 -0.00894239 0.708204 -0.735837 0.734795 -0.696051 
Loglike: 87947.4
0.588501 1.15533 -0.377775 0.0201607 0.376431 -0.00603083 0.710321 -0.738256 0.739244 -0.697791 
Loglike: 87947.4
0.592118 1.18694 -0.377929 0.0349104 0.376467 -0.00561833 0.709283 -0.737105 0.735913 -0.699053 
Loglike: 87947.4
0.592066 1.1809 -0.378025 0.0200758 0.371138 -0.00597591 0.708569 -0.739656 0.735723 -0.698927 
Loglike: 87947.4
0.592195 1.18716 -0.377933 0.0227111 0.376503 -0.0210079 0.709255 -0.73706 0.735981 -0.696821 
Loglike: 87947.4
0.593057 1.1911 -0.377708 0.0198627 0.377853 -0.00892636 0.713185 -0.726556 0.735995 -0.696254 
Loglike: 87947.4
0.59132 1.18356 -0.376655 0.0198627 0.376624 -0.00592037 0.709937 -0.738936 0.746947 -0.692707 
Loglike: 87947.4
0.589771 1.18466 -0.37818 0.0201776 0.375481 -0.00587024 0.709117 -0.737665 0.731808 -0.707845 
 FCN=87946.9 FROM MINOS     STATUS=SUCCESSFUL    842 CALLS        1116 TOTAL
                     EDM=1.35831e-06    STRATEGY= 1      ERROR MATRIX ACCURATE 
  EXT PARAMETER                  PARABOLIC         MINOS ERRORS        
  NO.   NAME      VALUE             ERROR      NEGATIVE      POSITIVE   
    1  alpha_jpsi   5.92198e-01    9.28010e-03  -9.30472e-03   9.26693e-03
    2  dphi_jpsi    1.18732e+00    3.26181e-02  -3.19986e-02   3.33276e-02
    3  xi_alpha    -3.77907e-01    5.36043e-03  -5.35981e-03   5.36240e-03
    4  xi_phi       1.99800e-02    1.49304e-02  -1.49294e-02   1.49323e-02
    5  xib_alpha    3.76501e-01    5.36287e-03  -5.36187e-03   5.36285e-03
    6  xib_phi     -5.94551e-03    1.50624e-02  -1.50601e-02   1.50655e-02
    7  L1_alpha     7.09255e-01    1.04971e-02  -1.04857e-02   1.05090e-02
    8  L2_alpha    -7.37022e-01    1.04664e-02  -1.04881e-02   1.04468e-02
    9  L3_alpha     7.36007e-01    1.09403e-02  -1.09283e-02   1.09556e-02
   10  L4_alpha    -6.96905e-01    1.09402e-02  -1.09596e-02   1.09258e-02
                               ERR DEF= 0.5
OK 11111111115
 EXTERNAL ERROR MATRIX.    NDIM=  25    NPAR= 10    ERR DEF=0.5
  8.612e-05  1.200e-04 -1.253e-06 -1.192e-06  7.098e-07 -5.060e-08 -8.203e-06  8.999e-06 -9.613e-06  7.558e-06 
  1.200e-04  1.064e-03 -4.236e-06 -5.630e-06  2.116e-06  2.817e-06 -3.513e-05  3.958e-05 -4.080e-05  2.842e-05 
 -1.253e-06 -4.236e-06  2.874e-05 -3.284e-07  6.327e-07  4.709e-07  1.234e-05  2.078e-06  1.336e-05  3.197e-06 
 -1.192e-06 -5.630e-06 -3.284e-07  2.229e-04 -5.139e-07  4.885e-06  4.220e-07 -1.227e-06 -1.408e-06 -2.087e-06 
  7.098e-07  2.116e-06  6.327e-07 -5.139e-07  2.876e-05  1.631e-07  3.674e-06  1.415e-05  1.522e-06  1.086e-05 
 -5.060e-08  2.817e-06  4.709e-07  4.885e-06  1.631e-07  2.269e-04 -2.264e-07  1.108e-06  2.311e-07 -6.806e-07 
 -8.203e-06 -3.513e-05  1.234e-05  4.220e-07  3.674e-06 -2.264e-07  1.102e-04  4.122e-05  7.368e-06  1.529e-06 
  8.999e-06  3.958e-05  2.078e-06 -1.227e-06  1.415e-05  1.108e-06  4.122e-05  1.096e-04 -1.274e-07  6.804e-06 
 -9.613e-06 -4.080e-05  1.336e-05 -1.408e-06  1.522e-06  2.311e-07  7.368e-06 -1.274e-07  1.197e-04  4.568e-05 
  7.558e-06  2.842e-05  3.197e-06 -2.087e-06  1.086e-05 -6.806e-07  1.529e-06  6.804e-06  4.568e-05  1.197e-04 
 PARAMETER  CORRELATION COEFFICIENTS  
       NO.  GLOBAL      1      2      3      4      5      6      7      8      9     10
        1  0.41304   1.000  0.396 -0.025 -0.009  0.014 -0.000 -0.084  0.093 -0.095  0.074
        2  0.43422   0.396  1.000 -0.024 -0.012  0.012  0.006 -0.103  0.116 -0.114  0.080
        3  0.31371  -0.025 -0.024  1.000 -0.004  0.022  0.006  0.219  0.037  0.228  0.055
        4  0.02962  -0.009 -0.012 -0.004  1.000 -0.006  0.022  0.003 -0.008 -0.009 -0.013
        5  0.31215   0.014  0.012  0.022 -0.006  1.000  0.002  0.065  0.252  0.026  0.185
        6  0.02562  -0.000  0.006  0.006  0.022  0.002  1.000 -0.001  0.007  0.001 -0.004
        7  0.45641  -0.084 -0.103  0.219  0.003  0.065 -0.001  1.000  0.375  0.064  0.013
        8  0.47143   0.093  0.116  0.037 -0.008  0.252  0.007  0.375  1.000 -0.001  0.059
        9  0.46370  -0.095 -0.114  0.228 -0.009  0.026  0.001  0.064 -0.001  1.000  0.382
       10  0.44362   0.074  0.080  0.055 -0.013  0.185 -0.004  0.013  0.059  0.382  1.000
OK 11111111115
0   0
0   /data/liul/workarea/XIXI/fit/boost/2019/xixipm/v1/mdiy/mdiy30x.root mdiy 2019  xixipm
/data/liul/workarea/XIXI/fit/boost/2019/xixipm/v1/mdiy/mdiy30x.root
Finish
0   0
1   /data/liul/workarea/XIXI/fit/boost/2019/xixipm/v1/phsp/phsp30x.root phsp 2019  xixipm
/data/liul/workarea/XIXI/fit/boost/2019/xixipm/v1/phsp/phsp30x.root
Finish
0   0
2   /data/liul/workarea/XIXI/fit/boost/2019/xixipm/v1/bkg1/bkg30x.root bkg1 2019  xixipm
/data/liul/workarea/XIXI/fit/boost/2019/xixipm/v1/bkg1/bkg30x.root
Finish
0   1
3   /data/liul/workarea/XIXI/fit/boost/2019/xixipp/v1/mdiy/mdiy30x.root mdiy 2019  xixipp
/data/liul/workarea/XIXI/fit/boost/2019/xixipp/v1/mdiy/mdiy30x.root
Finish
0   1
4   /data/liul/workarea/XIXI/fit/boost/2019/xixipp/v1/phsp/phsp30x.root phsp 2019  xixipp
/data/liul/workarea/XIXI/fit/boost/2019/xixipp/v1/phsp/phsp30x.root
Finish
0   1
5   /data/liul/workarea/XIXI/fit/boost/2019/xixipp/v1/bkg1/bkg30x.root bkg1 2019  xixipp
/data/liul/workarea/XIXI/fit/boost/2019/xixipp/v1/bkg1/bkg30x.root
Finish
N[0][0] : 73529
N[0][1] : 2340877
N[0][2] : 529316
N[0][3] : 66780
N[0][4] : 2148680
N[0][5] : 398110
out.txt
OK 11111111113
OK
OK 11111111111
OK 11111111111
 **********
 **    1 **SET PRINT           0
 **********
 **********
 **    2 **SET ERR         0.5
 **********
 PARAMETER DEFINITIONS:
    NO.   NAME         VALUE      STEP SIZE      LIMITS
     1 alpha_jpsi   5.86000e-01  1.00000e-03   -1.00000e+00  1.00000e+00
     2 dphi_jpsi    1.12100e+00  1.00000e-03   -3.14159e+00  3.14159e+00
OK 11111111111
     3 xi_alpha    -3.75600e-01  1.00000e-03   -1.00000e+00  0.00000e+00
     4 xi_phi       1.20000e-02  1.00000e-03   -3.14159e+00  3.14159e+00
     5 xib_alpha    3.75600e-01  1.00000e-03    0.00000e+00  1.00000e+00
     6 xib_phi     -1.20000e-02  1.00000e-03   -3.14159e+00  3.14159e+00
     7 L1_alpha     6.92000e-01  1.00000e-03    0.00000e+00  1.00000e+00
     8 L2_alpha    -7.51000e-01  1.00000e-03   -1.00000e+00  0.00000e+00
     9 L3_alpha     7.51000e-01  1.00000e-03    1.00000e+00  0.00000e+00
 MINUIT WARNING IN PARAM DEF
 ============== PARAMETER LIMITS WERE REVERSED.
 PARAMETER DEFINITIONS:
    NO.   NAME         VALUE      STEP SIZE      LIMITS
    10 L4_alpha    -6.92000e-01  1.00000e-03   -1.00000e+00  0.00000e+00
OK 11111111113
OK 11111111114
 **********
 **    3 **MINI
 **********
Loglike: 144663
0.596816 1.21144 -0.372564 0.0226163 0.369592 -0.0142601 0.700418 -0.759403 0.763514 -0.690781 
 MIGRAD MINIMIZATION HAS CONVERGED.
 MIGRAD WILL VERIFY CONVERGENCE AND ERROR MATRIX.
Loglike: 144663
0.60038 1.22245 -0.373295 0.0212992 0.370008 -0.0135156 0.699587 -0.758053 0.763116 -0.69206 
 FCN=144663 FROM MIGRAD    STATUS=CONVERGED     274 CALLS         275 TOTAL
                     EDM=5.35179e-06    STRATEGY= 1      ERROR MATRIX ACCURATE 
  EXT PARAMETER                                   STEP         FIRST   
  NO.   NAME      VALUE             ERROR          SIZE      DERIVATIVE 
    1  alpha_jpsi   6.00380e-01    9.11163e-03   2.72388e-03   2.94394e-02
    2  dphi_jpsi    1.22245e+00    3.43517e-02   2.80870e-03   1.60436e-01
    3  xi_alpha    -3.73295e-01    5.27738e-03   2.73061e-03   9.13675e-03
    4  xi_phi       2.12992e-02    1.45841e-02   1.21874e-03   9.35287e-02
    5  xib_alpha    3.71333e-01    5.28859e-03   2.74185e-03  -6.72863e-03
    6  xib_phi     -1.35156e-02    1.45165e-02   1.21294e-03  -2.16241e-02
    7  L1_alpha     6.99587e-01    1.04612e-02   5.33632e-03   4.90637e-02
    8  L2_alpha    -7.58053e-01    1.05561e-02   5.67816e-03  -4.95462e-02
    9  L3_alpha     7.63116e-01    1.09124e-02   5.95118e-03   2.44411e-03
   10  L4_alpha    -6.92060e-01    1.07210e-02   5.45678e-03   1.69558e-02
                               ERR DEF= 0.5
OK 11111111115
 **********
 **    4 **MINOS
 **********
Loglike: 144664
0.609491 1.23603 -0.373407 0.0214816 0.370935 -0.0133835 0.698679 -0.757004 0.762162 -0.691229 
Loglike: 144664
0.603901 1.2568 -0.373368 0.0213959 0.3715 -0.00951026 0.698836 -0.756623 0.761897 -0.691202 
Loglike: 144664
0.596643 1.18871 -0.37322 0.021186 0.371158 -0.0137184 0.700363 -0.761995 0.764419 -0.692975 
Loglike: 144664
0.60056 1.22289 -0.378573 0.0212371 0.371277 -0.0136158 0.697545 -0.758243 0.763067 -0.692721 
Loglike: 144664
0.600607 1.22355 -0.373239 0.0214366 0.376621 -0.0134876 0.700186 -0.755507 0.760741 -0.690137 
Loglike: 144664
0.600456 1.22292 -0.37326 0.0216431 0.371353 0.00100082 0.699542 -0.757897 0.765741 -0.692032 
Loglike: 144664
0.60117 1.22498 -0.374312 0.0214038 0.37103 -0.0134765 0.689125 -0.762125 0.762501 -0.689684 
Loglike: 144664
0.599454 1.21753 -0.373385 0.0212191 0.370036 -0.0136734 0.695511 -0.768609 0.763225 -0.695201 
Loglike: 144664
0.601087 1.22523 -0.372953 0.0213788 0.372256 -0.0135205 0.699724 -0.757464 0.767318 -0.681339 
 FCN=144663 FROM MINOS     STATUS=SUCCESSFUL    867 CALLS        1142 TOTAL
                     EDM=5.35179e-06    STRATEGY= 1      ERROR MATRIX ACCURATE 
  EXT PARAMETER                  PARABOLIC         MINOS ERRORS        
  NO.   NAME      VALUE             ERROR      NEGATIVE      POSITIVE   
    1  alpha_jpsi   6.00380e-01    9.11163e-03  -9.15499e-03   9.08987e-03
    2  dphi_jpsi    1.22245e+00    3.43517e-02  -3.37554e-02   3.50822e-02
    3  xi_alpha    -3.73295e-01    5.27738e-03  -5.28272e-03   5.27411e-03
    4  xi_phi       2.12992e-02    1.45841e-02  -1.45907e-02   1.45786e-02
    5  xib_alpha    3.71333e-01    5.28859e-03  -5.28459e-03   5.29128e-03
    6  xib_phi     -1.35156e-02    1.45165e-02  -1.45157e-02   1.45182e-02
    7  L1_alpha     6.99587e-01    1.04612e-02  -1.04533e-02   1.04677e-02
    8  L2_alpha    -7.58053e-01    1.05561e-02  -1.05680e-02   1.05462e-02
    9  L3_alpha     7.63116e-01    1.09124e-02  -1.09024e-02   1.09296e-02
   10  L4_alpha    -6.92060e-01    1.07210e-02  -1.07424e-02   1.07069e-02
                               ERR DEF= 0.5
OK 11111111115
 EXTERNAL ERROR MATRIX.    NDIM=  25    NPAR= 10    ERR DEF=0.5
  8.303e-05  1.239e-04 -1.014e-06  1.661e-06  1.203e-06  1.204e-06 -8.269e-06  9.551e-06 -8.687e-06  7.572e-06 
  1.239e-04  1.180e-03 -2.601e-06  3.583e-06  5.820e-06  6.790e-06 -2.648e-05  5.007e-05 -4.350e-05  3.010e-05 
 -1.014e-06 -2.601e-06  2.785e-05  2.354e-07  2.988e-07  5.273e-07  1.064e-05  1.153e-06  1.346e-05  3.556e-06 
  1.661e-06  3.583e-06  2.354e-07  2.127e-04  7.264e-07  5.077e-06 -1.094e-06  8.065e-07  4.852e-07  9.634e-07 
  1.203e-06  5.820e-06  2.988e-07  7.264e-07  2.797e-05  1.481e-07  3.171e-06  1.344e-05  8.375e-07  1.016e-05 
  1.204e-06  6.790e-06  5.273e-07  5.077e-06  1.481e-07  2.107e-04 -4.094e-07  1.804e-06  1.537e-06  7.684e-08 
 -8.269e-06 -2.648e-05  1.064e-05 -1.094e-06  3.171e-06 -4.094e-07  1.095e-04  4.273e-05  6.437e-06  1.512e-06 
  9.551e-06  5.007e-05  1.153e-06  8.065e-07  1.344e-05  1.804e-06  4.273e-05  1.115e-04 -1.021e-06  6.393e-06 
 -8.687e-06 -4.350e-05  1.346e-05  4.852e-07  8.375e-07  1.537e-06  6.437e-06 -1.021e-06  1.191e-04  4.525e-05 
  7.572e-06  3.010e-05  3.556e-06  9.634e-07  1.016e-05  7.684e-08  1.512e-06  6.393e-06  4.525e-05  1.150e-04 
 PARAMETER  CORRELATION COEFFICIENTS  
       NO.  GLOBAL      1      2      3      4      5      6      7      8      9     10
        1  0.41409   1.000  0.396 -0.021  0.013  0.025  0.009 -0.087  0.099 -0.087  0.078
        2  0.43397   0.396  1.000 -0.014  0.007  0.032  0.014 -0.074  0.138 -0.116  0.082
        3  0.30335  -0.021 -0.014  1.000  0.003  0.011  0.007  0.193  0.021  0.234  0.063
        4  0.03021   0.013  0.007  0.003  1.000  0.009  0.024 -0.007  0.005  0.003  0.006
        5  0.30070   0.025  0.032  0.011  0.009  1.000  0.002  0.057  0.241  0.015  0.179
        6  0.03326   0.009  0.014  0.007  0.024  0.002  1.000 -0.003  0.012  0.010  0.000
        7  0.45527  -0.087 -0.074  0.193 -0.007  0.057 -0.003  1.000  0.387  0.056  0.013
        8  0.48053   0.099  0.138  0.021  0.005  0.241  0.012  0.387  1.000 -0.009  0.056
        9  0.47002  -0.087 -0.116  0.234  0.003  0.015  0.010  0.056 -0.009  1.000  0.387
       10  0.44688   0.078  0.082  0.063  0.006  0.179  0.000  0.013  0.056  0.387  1.000
OK 11111111115
0   0
0   /data/liul/workarea/XIXI/fit/boost/2019/xixipm/v1/mdiy/mdiy30x.root mdiy 2019  xixipm
/data/liul/workarea/XIXI/fit/boost/2019/xixipm/v1/mdiy/mdiy30x.root
Finish
0   0
1   /data/liul/workarea/XIXI/fit/boost/2019/xixipm/v1/phsp/phsp30x.root phsp 2019  xixipm
/data/liul/workarea/XIXI/fit/boost/2019/xixipm/v1/phsp/phsp30x.root
Finish
0   0
2   /data/liul/workarea/XIXI/fit/boost/2019/xixipm/v1/bkg1/bkg30x.root bkg1 2019  xixipm
/data/liul/workarea/XIXI/fit/boost/2019/xixipm/v1/bkg1/bkg30x.root
Finish
0   1
3   /data/liul/workarea/XIXI/fit/boost/2019/xixipp/v1/mdiy/mdiy30x.root mdiy 2019  xixipp
/data/liul/workarea/XIXI/fit/boost/2019/xixipp/v1/mdiy/mdiy30x.root
Finish
0   1
4   /data/liul/workarea/XIXI/fit/boost/2019/xixipp/v1/phsp/phsp30x.root phsp 2019  xixipp
/data/liul/workarea/XIXI/fit/boost/2019/xixipp/v1/phsp/phsp30x.root
Finish
0   1
5   /data/liul/workarea/XIXI/fit/boost/2019/xixipp/v1/bkg1/bkg30x.root bkg1 2019  xixipp
/data/liul/workarea/XIXI/fit/boost/2019/xixipp/v1/bkg1/bkg30x.root
Finish
N[0][0] : 72711
N[0][1] : 2340877
N[0][2] : 529316
N[0][3] : 66890
N[0][4] : 2148680
N[0][5] : 398110
out.txt
OK 11111111113
OK
OK 11111111111
OK 11111111111
 **********
 **    1 **SET PRINT           0
 **********
 **********
 **    2 **SET ERR         0.5
 **********
 PARAMETER DEFINITIONS:
    NO.   NAME         VALUE      STEP SIZE      LIMITS
     1 alpha_jpsi   5.86000e-01  1.00000e-03   -1.00000e+00  1.00000e+00
     2 dphi_jpsi    1.12100e+00  1.00000e-03   -3.14159e+00  3.14159e+00
OK 11111111111
     3 xi_alpha    -3.75600e-01  1.00000e-03   -1.00000e+00  0.00000e+00
     4 xi_phi       1.20000e-02  1.00000e-03   -3.14159e+00  3.14159e+00
     5 xib_alpha    3.75600e-01  1.00000e-03    0.00000e+00  1.00000e+00
     6 xib_phi     -1.20000e-02  1.00000e-03   -3.14159e+00  3.14159e+00
     7 L1_alpha     6.92000e-01  1.00000e-03    0.00000e+00  1.00000e+00
     8 L2_alpha    -7.51000e-01  1.00000e-03   -1.00000e+00  0.00000e+00
     9 L3_alpha     7.51000e-01  1.00000e-03    1.00000e+00  0.00000e+00
 MINUIT WARNING IN PARAM DEF
 ============== PARAMETER LIMITS WERE REVERSED.
 PARAMETER DEFINITIONS:
    NO.   NAME         VALUE      STEP SIZE      LIMITS
    10 L4_alpha    -6.92000e-01  1.00000e-03   -1.00000e+00  0.00000e+00
OK 11111111113
OK 11111111114
 **********
 **    3 **MINI
 **********
Loglike: 184234
0.572203 1.19341 -0.377944 -0.00419658 0.370163 0.00230261 0.693796 -0.754139 0.751333 -0.696657 
Loglike: 184233
0.580693 1.19946 -0.378381 -0.00431988 0.368965 0.00217501 0.692258 -0.754626 0.745794 -0.698429 
 MIGRAD MINIMIZATION HAS CONVERGED.
 MIGRAD WILL VERIFY CONVERGENCE AND ERROR MATRIX.
Loglike: 184233
0.580703 1.19949 -0.378375 -0.00432415 0.370483 0.00660297 0.689495 -0.754622 0.745795 -0.698418 
 FCN=184233 FROM MIGRAD    STATUS=CONVERGED     271 CALLS         272 TOTAL
                     EDM=3.41196e-06    STRATEGY= 1      ERROR MATRIX ACCURATE 
  EXT PARAMETER                                   STEP         FIRST   
  NO.   NAME      VALUE             ERROR          SIZE      DERIVATIVE 
    1  alpha_jpsi   5.80703e-01    9.24368e-03   3.07755e-03  -2.48529e-02
    2  dphi_jpsi    1.19949e+00    3.23722e-02   2.98049e-03   1.10276e-01
    3  xi_alpha    -3.78375e-01    5.36768e-03   3.12479e-03  -2.43378e-02
    4  xi_phi      -4.32415e-03    1.50474e-02   1.41769e-03  -1.40534e-02
    5  xib_alpha    3.68972e-01    5.34993e-03   3.13150e-03  -3.92863e-02
    6  xib_phi      2.17371e-03    1.49591e-02   1.40988e-03   2.15296e-02
    7  L1_alpha     6.89495e-01    1.04759e-02   5.99602e-03  -1.24817e-03
    8  L2_alpha    -7.54622e-01    1.06896e-02   6.49870e-03  -4.60001e-02
    9  L3_alpha     7.45795e-01    1.08792e-02   6.57301e-03  -3.77142e-03
   10  L4_alpha    -6.98418e-01    1.08932e-02   6.31122e-03  -2.56920e-02
                               ERR DEF= 0.5
OK 11111111115
 **********
 **    4 **MINOS
 **********
Loglike: 184234
0.57146 1.18695 -0.378334 -0.00410807 0.368856 0.00643498 0.690378 -0.755525 0.746728 -0.699418 
Loglike: 184234
0.577116 1.16711 -0.378275 -0.00385394 0.368816 0.00189862 0.687672 -0.755951 0.747048 -0.699539 
Loglike: 184234
0.580638 1.1989 -0.373007 -0.00434938 0.369042 0.00229626 0.691515 -0.754437 0.751171 -0.69783 
Loglike: 184234
0.580836 1.2005 -0.378362 -0.0193716 0.369069 0.00166889 0.689497 -0.754435 0.745875 -0.695314 
Loglike: 184234
0.580808 1.20008 -0.378331 -0.00381634 0.368983 0.0171328 0.689447 -0.754468 0.745916 -0.698381 
Loglike: 184234
0.57993 1.18792 -0.377306 -0.00431291 0.369276 0.00211235 0.699971 -0.750567 0.746443 -0.698321 
Loglike: 184234
0.579921 1.19546 -0.378457 0.000397978 0.367672 0.00195832 0.685539 -0.765312 0.745886 -0.699053 
Loglike: 184234
0.581493 1.20316 -0.37959 -0.00422519 0.370396 0.00200011 0.688906 -0.754529 0.734916 -0.70243 
 FCN=184233 FROM MINOS     STATUS=SUCCESSFUL    858 CALLS        1130 TOTAL
                     EDM=3.41196e-06    STRATEGY= 1      ERROR MATRIX ACCURATE 
  EXT PARAMETER                  PARABOLIC         MINOS ERRORS        
  NO.   NAME      VALUE             ERROR      NEGATIVE      POSITIVE   
    1  alpha_jpsi   5.80703e-01    9.24368e-03  -9.27066e-03   9.23405e-03
    2  dphi_jpsi    1.19949e+00    3.23722e-02  -3.18157e-02   3.30417e-02
    3  xi_alpha    -3.78375e-01    5.36768e-03  -5.36969e-03   5.36774e-03
    4  xi_phi      -4.32415e-03    1.50474e-02  -1.50475e-02   1.50487e-02
    5  xib_alpha    3.68972e-01    5.34993e-03  -5.34185e-03   5.35633e-03
    6  xib_phi      2.17371e-03    1.49591e-02  -1.49602e-02   1.49588e-02
    7  L1_alpha     6.89495e-01    1.04759e-02  -1.04549e-02   1.04946e-02
    8  L2_alpha    -7.54622e-01    1.06896e-02  -1.06928e-02   1.06869e-02
    9  L3_alpha     7.45795e-01    1.08792e-02  -1.08616e-02   1.09015e-02
   10  L4_alpha    -6.98418e-01    1.08932e-02  -1.09007e-02   1.08925e-02
                               ERR DEF= 0.5
OK 11111111115
 EXTERNAL ERROR MATRIX.    NDIM=  25    NPAR= 10    ERR DEF=0.5
  8.545e-05  1.159e-04 -3.728e-07 -1.990e-06  1.070e-06  1.563e-06 -8.206e-06  8.359e-06 -8.644e-06  9.262e-06 
  1.159e-04  1.048e-03 -3.228e-06 -1.522e-05  5.054e-06  8.906e-06 -3.068e-05  4.304e-05 -4.059e-05  3.630e-05 
 -3.728e-07 -3.228e-06  2.881e-05 -2.010e-07  3.499e-07  6.574e-07  1.091e-05  8.833e-07  1.350e-05  3.036e-06 
 -1.990e-06 -1.522e-05 -2.010e-07  2.264e-04 -1.459e-06  7.596e-06 -3.339e-08 -2.819e-06 -1.200e-06 -3.040e-06 
  1.070e-06  5.054e-06  3.499e-07 -1.459e-06  2.862e-05  1.719e-07  3.264e-06  1.390e-05  7.851e-07  1.055e-05 
  1.563e-06  8.906e-06  6.574e-07  7.596e-06  1.719e-07  2.238e-04 -7.104e-07  2.303e-06  1.811e-06  5.504e-07 
 -8.206e-06 -3.068e-05  1.091e-05 -3.339e-08  3.264e-06 -7.104e-07  1.098e-04  4.221e-05  6.577e-06  9.649e-07 
  8.359e-06  4.304e-05  8.833e-07 -2.819e-06  1.390e-05  2.303e-06  4.221e-05  1.143e-04 -9.720e-07  6.792e-06 
 -8.644e-06 -4.059e-05  1.350e-05 -1.200e-06  7.851e-07  1.811e-06  6.577e-06 -9.720e-07  1.184e-04  4.399e-05 
  9.262e-06  3.630e-05  3.036e-06 -3.040e-06  1.055e-05  5.504e-07  9.649e-07  6.792e-06  4.399e-05  1.187e-04 
 PARAMETER  CORRELATION COEFFICIENTS  
       NO.  GLOBAL      1      2      3      4      5      6      7      8      9     10
        1  0.40465   1.000  0.387 -0.008 -0.014  0.022  0.011 -0.085  0.085 -0.086  0.092
        2  0.43181   0.387  1.000 -0.019 -0.031  0.029  0.018 -0.090  0.124 -0.115  0.103
        3  0.30441  -0.008 -0.019  1.000 -0.002  0.012  0.008  0.194  0.015  0.231  0.052
        4  0.05267  -0.014 -0.031 -0.002  1.000 -0.018  0.034 -0.000 -0.018 -0.007 -0.019
        5  0.30330   0.022  0.029  0.012 -0.018  1.000  0.002  0.058  0.243  0.013  0.181
        6  0.04513   0.011  0.018  0.008  0.034  0.002  1.000 -0.005  0.014  0.011  0.003
        7  0.44917  -0.085 -0.090  0.194 -0.000  0.058 -0.005  1.000  0.377  0.058  0.008
        8  0.47026   0.085  0.124  0.015 -0.018  0.243  0.014  0.377  1.000 -0.008  0.058
        9  0.46085  -0.086 -0.115  0.231 -0.007  0.013  0.011  0.058 -0.008  1.000  0.371
       10  0.44199   0.092  0.103  0.052 -0.019  0.181  0.003  0.008  0.058  0.371  1.000
OK 11111111115
0   0
0   /data/liul/workarea/XIXI/fit/boost/2019/xixipm/v1/mdiy/mdiy30x.root mdiy 2019  xixipm
/data/liul/workarea/XIXI/fit/boost/2019/xixipm/v1/mdiy/mdiy30x.root
Finish
0   0
1   /data/liul/workarea/XIXI/fit/boost/2019/xixipm/v1/phsp/phsp30x.root phsp 2019  xixipm
/data/liul/workarea/XIXI/fit/boost/2019/xixipm/v1/phsp/phsp30x.root
Finish
0   0
2   /data/liul/workarea/XIXI/fit/boost/2019/xixipm/v1/bkg1/bkg30x.root bkg1 2019  xixipm
/data/liul/workarea/XIXI/fit/boost/2019/xixipm/v1/bkg1/bkg30x.root
Finish
0   1
3   /data/liul/workarea/XIXI/fit/boost/2019/xixipp/v1/mdiy/mdiy30x.root mdiy 2019  xixipp
/data/liul/workarea/XIXI/fit/boost/2019/xixipp/v1/mdiy/mdiy30x.root
Finish
0   1
4   /data/liul/workarea/XIXI/fit/boost/2019/xixipp/v1/phsp/phsp30x.root phsp 2019  xixipp
/data/liul/workarea/XIXI/fit/boost/2019/xixipp/v1/phsp/phsp30x.root
Finish
0   1
5   /data/liul/workarea/XIXI/fit/boost/2019/xixipp/v1/bkg1/bkg30x.root bkg1 2019  xixipp
/data/liul/workarea/XIXI/fit/boost/2019/xixipp/v1/bkg1/bkg30x.root
Finish
N[0][0] : 73461
N[0][1] : 2340877
N[0][2] : 529316
N[0][3] : 66872
N[0][4] : 2148680
N[0][5] : 398110
out.txt
OK 11111111113
OK
OK 11111111111
OK 11111111111
 **********
 **    1 **SET PRINT           0
 **********
 **********
 **    2 **SET ERR         0.5
 **********
 PARAMETER DEFINITIONS:
    NO.   NAME         VALUE      STEP SIZE      LIMITS
     1 alpha_jpsi   5.86000e-01  1.00000e-03   -1.00000e+00  1.00000e+00
     2 dphi_jpsi    1.12100e+00  1.00000e-03   -3.14159e+00  3.14159e+00
OK 11111111111
