
[1mRooFit v3.60 -- Developed by Wouter Verkerke and David Kirkby[0m 
                Copyright (C) 2000-2013 NIKHEF, University of California & Stanford University
                All rights reserved, please read http://roofit.sourceforge.net/license.txt

option -d with value `v1'
option -b

option -i with value `2009'
option -d with value `2009'
setCutchi2kmf
/data/liul/workarea/XIXI/fit/boost/2009/xixipm/v1/data/data.root => 2009
/data/liul/workarea/XIXI/fit/boost/2009/xixipm/v1/mdiy/mdiy30x.root => 2009
/data/liul/workarea/XIXI/fit/boost/2009/xixipm/v1/phsp/phsp30x.root => 2009
/data/liul/workarea/XIXI/fit/boost/2009/xixipm/v1/bkg1/bkg30x.root => 2009
/data/liul/workarea/XIXI/fit/boost/2009/xixipp/v1/data/data.root => 2009
/data/liul/workarea/XIXI/fit/boost/2009/xixipp/v1/mdiy/mdiy30x.root => 2009
/data/liul/workarea/XIXI/fit/boost/2009/xixipp/v1/phsp/phsp30x.root => 2009
/data/liul/workarea/XIXI/fit/boost/2009/xixipp/v1/bkg1/bkg30x.root => 2009
/data/liul/workarea/XIXI/fit/boost/2012/xixipm/v1/data/data.root => 2012
/data/liul/workarea/XIXI/fit/boost/2012/xixipm/v1/mdiy/mdiy30x.root => 2012
/data/liul/workarea/XIXI/fit/boost/2012/xixipm/v1/phsp/phsp30x.root => 2012
/data/liul/workarea/XIXI/fit/boost/2012/xixipm/v1/bkg1/bkg30x.root => 2012
/data/liul/workarea/XIXI/fit/boost/2012/xixipp/v1/data/data.root => 2012
/data/liul/workarea/XIXI/fit/boost/2012/xixipp/v1/mdiy/mdiy30x.root => 2012
/data/liul/workarea/XIXI/fit/boost/2012/xixipp/v1/phsp/phsp30x.root => 2012
/data/liul/workarea/XIXI/fit/boost/2012/xixipp/v1/bkg1/bkg30x.root => 2012

0   0
0   /data/liul/workarea/XIXI/fit/boost/2009/xixipm/v1/data/data.root data 2009  xixipm
Warning in <TClass::Init>: no dictionary for class ROOT::TIOFeatures is available
/data/liul/workarea/XIXI/fit/boost/2009/xixipm/v1/data/data.root
Finish
0   0
1   /data/liul/workarea/XIXI/fit/boost/2009/xixipm/v1/mdiy/mdiy30x.root mdiy 2009  xixipm
/data/liul/workarea/XIXI/fit/boost/2009/xixipm/v1/mdiy/mdiy30x.root
Finish
0   0
2   /data/liul/workarea/XIXI/fit/boost/2009/xixipm/v1/phsp/phsp30x.root phsp 2009  xixipm
/data/liul/workarea/XIXI/fit/boost/2009/xixipm/v1/phsp/phsp30x.root
Finish
0   0
3   /data/liul/workarea/XIXI/fit/boost/2009/xixipm/v1/bkg1/bkg30x.root bkg1 2009  xixipm
/data/liul/workarea/XIXI/fit/boost/2009/xixipm/v1/bkg1/bkg30x.root
Finish
0   1
4   /data/liul/workarea/XIXI/fit/boost/2009/xixipp/v1/data/data.root data 2009  xixipp
/data/liul/workarea/XIXI/fit/boost/2009/xixipp/v1/data/data.root
Finish
0   1
5   /data/liul/workarea/XIXI/fit/boost/2009/xixipp/v1/mdiy/mdiy30x.root mdiy 2009  xixipp
/data/liul/workarea/XIXI/fit/boost/2009/xixipp/v1/mdiy/mdiy30x.root
Finish
0   1
6   /data/liul/workarea/XIXI/fit/boost/2009/xixipp/v1/phsp/phsp30x.root phsp 2009  xixipp
/data/liul/workarea/XIXI/fit/boost/2009/xixipp/v1/phsp/phsp30x.root
Finish
0   1
7   /data/liul/workarea/XIXI/fit/boost/2009/xixipp/v1/bkg1/bkg30x.root bkg1 2009  xixipp
/data/liul/workarea/XIXI/fit/boost/2009/xixipp/v1/bkg1/bkg30x.root
Finish
1   0
8   /data/liul/workarea/XIXI/fit/boost/2012/xixipm/v1/data/data.root data 2012  xixipm
/data/liul/workarea/XIXI/fit/boost/2012/xixipm/v1/data/data.root
Finish
1   0
9   /data/liul/workarea/XIXI/fit/boost/2012/xixipm/v1/mdiy/mdiy30x.root mdiy 2012  xixipm
/data/liul/workarea/XIXI/fit/boost/2012/xixipm/v1/mdiy/mdiy30x.root
Finish
1   0
10   /data/liul/workarea/XIXI/fit/boost/2012/xixipm/v1/phsp/phsp30x.root phsp 2012  xixipm
/data/liul/workarea/XIXI/fit/boost/2012/xixipm/v1/phsp/phsp30x.root
Finish
1   0
11   /data/liul/workarea/XIXI/fit/boost/2012/xixipm/v1/bkg1/bkg30x.root bkg1 2012  xixipm
/data/liul/workarea/XIXI/fit/boost/2012/xixipm/v1/bkg1/bkg30x.root
Finish
1   1
12   /data/liul/workarea/XIXI/fit/boost/2012/xixipp/v1/data/data.root data 2012  xixipp
/data/liul/workarea/XIXI/fit/boost/2012/xixipp/v1/data/data.root
Finish
1   1
13   /data/liul/workarea/XIXI/fit/boost/2012/xixipp/v1/mdiy/mdiy30x.root mdiy 2012  xixipp
/data/liul/workarea/XIXI/fit/boost/2012/xixipp/v1/mdiy/mdiy30x.root
Finish
1   1
14   /data/liul/workarea/XIXI/fit/boost/2012/xixipp/v1/phsp/phsp30x.root phsp 2012  xixipp
/data/liul/workarea/XIXI/fit/boost/2012/xixipp/v1/phsp/phsp30x.root
Finish
1   1
15   /data/liul/workarea/XIXI/fit/boost/2012/xixipp/v1/bkg1/bkg30x.root bkg1 2012  xixipp
/data/liul/workarea/XIXI/fit/boost/2012/xixipp/v1/bkg1/bkg30x.root
Finish
N[0][0] : 3773
N[0][1] : 99110
N[0][2] : 105910
N[0][3] : 22542
N[0][4] : 3726
N[0][5] : 94279
N[0][6] : 102179
N[0][7] : 17949
N[1][0] : 19180
N[1][1] : 539891
N[1][2] : 575661
N[1][3] : 123158
N[1][4] : 19421
N[1][5] : 512763
N[1][6] : 550958
N[1][7] : 97361
Mass Fit
100784
4515
[#0] ERROR:InputArguments -- RooAbsPdf::fitTo(sum) ERROR: unrecognized command: r
[#1] INFO:Eval -- RooRealVar::setRange(mn) new range named 'refrange_fft_shape' created with bounds [0.9,0.98]
[#1] INFO:Caching -- RooAbsCachedPdf::getCache(shape) creating new cache 0x547b2d0 with pdf keysshape_CONV_ga1_CACHE_Obs[mn] for nset (mn) with code 0
[#1] INFO:Minization -- RooMinimizer::optimizeConst: activating const optimization
[#1] INFO:Caching -- RooAbsCachedPdf::getCache(shape) creating new cache 0x59c5fa0 with pdf keysshape_CONV_ga1_CACHE_Obs[mn] for nset (mn) with code 0 from preexisting content.
[#1] INFO:Minization --  The following expressions have been identified as constant and will be precalculated and cached: (keysshape)
[#1] INFO:Minization --  The following expressions will be evaluated in cache-and-track mode: (shape,argus)
 **********
 **    1 **SET PRINT           1
 **********
 **********
 **    2 **SET NOGRAD
 **********
 PARAMETER DEFINITIONS:
    NO.   NAME         VALUE      STEP SIZE      LIMITS
     1 fra1         4.55338e+05  2.27669e+05    0.00000e+00  2.00000e+07
 MINUIT WARNING IN PARAM DEF
 ============== LIMITS ON PARAM1 TOO FAR APART.
 PARAMETER DEFINITIONS:
    NO.   NAME         VALUE      STEP SIZE      LIMITS
     2 fra2         4.69560e+04  2.34780e+04    0.00000e+00  2.00000e+07
 MINUIT WARNING IN PARAM DEF
 ============== LIMITS ON PARAM2 TOO FAR APART.
 PARAMETER DEFINITIONS:
    NO.   NAME         VALUE      STEP SIZE      LIMITS
     3 k           -1.00000e+01  4.50000e+00   -5.00000e+01 -1.00000e+00
     4 m0           9.80000e-01  3.90000e-03    9.60000e-01  9.99000e-01
     5 mean2        5.00000e-03  1.00000e-02   -5.00000e-02  5.00000e-02
     6 sigma2       5.00000e-03  2.50000e-03    0.00000e+00  5.00000e-02
 **********
 **    3 **SET ERR         0.5
 **********
 **********
 **    4 **SET PRINT           1
 **********
 **********
 **    5 **SET STR           1
 **********
 NOW USING STRATEGY  1: TRY TO BALANCE SPEED AGAINST RELIABILITY
 **********
 **    6 **MIGRAD        3000           1
 **********
 FIRST CALL TO USER FUNCTION AT NEW START POINT, WITH IFLAG=4.
 START MIGRAD MINIMIZATION.  STRATEGY  1.  CONVERGENCE WHEN EDM .LT. 1.00e-03
 FCN=429347 FROM MIGRAD    STATUS=INITIATE       24 CALLS          25 TOTAL
                     EDM= unknown      STRATEGY= 1      NO ERROR MATRIX       
  EXT PARAMETER               CURRENT GUESS       STEP         FIRST   
  NO.   NAME      VALUE            ERROR          SIZE      DERIVATIVE 
   1  fra1         4.55338e+05   2.27669e+05   7.89697e-02   2.95790e+06
   2  fra2         4.69560e+04   2.34780e+04   2.51099e-02   9.54436e+05
   3  k           -1.00000e+01   4.50000e+00   2.44700e-01  -5.48898e+01
   4  m0           9.80000e-01   3.90000e-03   2.01428e-01  -1.23992e+02
   5  mean2        5.00000e-03   1.00000e-02   2.02430e-01   1.66641e+04
   6  sigma2       5.00000e-03   2.50000e-03   1.72186e-01  -1.72349e+03
                               ERR DEF= 0.5
 MIGRAD MINIMIZATION HAS CONVERGED.
 MIGRAD WILL VERIFY CONVERGENCE AND ERROR MATRIX.
 COVARIANCE MATRIX CALCULATED SUCCESSFULLY
 FCN=-48374.5 FROM MIGRAD    STATUS=CONVERGED     287 CALLS         288 TOTAL
                     EDM=4.52572e-05    STRATEGY= 1      ERROR MATRIX ACCURATE 
  EXT PARAMETER                                   STEP         FIRST   
  NO.   NAME      VALUE            ERROR          SIZE      DERIVATIVE 
   1  fra1         3.32578e+03   6.47482e+01   3.62348e-05  -1.59073e+00
   2  fra2         1.18911e+03   4.53446e+01   4.17926e-05  -1.18444e+01
   3  k           -1.29139e+01   7.45713e-01   5.31128e-03   1.08727e-01
   4  m0           9.79942e-01   1.12414e-04   8.58244e-04   7.11085e-01
   5  mean2       -1.06183e-04   8.15669e-05   2.44307e-04  -2.91034e-01
   6  sigma2       6.66768e-04   3.59565e-04   9.06672e-03  -7.53217e-03
                               ERR DEF= 0.5
 EXTERNAL ERROR MATRIX.    NDIM=  25    NPAR=  6    ERR DEF=0.5
  4.192e+03 -8.662e+02 -2.367e+00  1.447e-04  1.890e-04  3.704e-03 
 -8.662e+02  2.056e+03  2.369e+00 -1.449e-04 -1.889e-04 -3.704e-03 
 -2.367e+00  2.369e+00  5.563e-01  9.949e-06  5.361e-06 -7.048e-06 
  1.447e-04 -1.449e-04  9.949e-06  1.264e-08  1.216e-10  6.936e-10 
  1.890e-04 -1.889e-04  5.361e-06  1.216e-10  6.653e-09  4.010e-09 
  3.704e-03 -3.704e-03 -7.048e-06  6.936e-10  4.010e-09  1.295e-07 
 PARAMETER  CORRELATION COEFFICIENTS  
       NO.  GLOBAL      1      2      3      4      5      6
        1  0.31150   1.000 -0.295 -0.049  0.020  0.036  0.159
        2  0.35245  -0.295  1.000  0.070 -0.028 -0.051 -0.227
        3  0.17078  -0.049  0.070  1.000  0.119  0.088 -0.026
        4  0.12568   0.020 -0.028  0.119  1.000  0.013  0.017
        5  0.16715   0.036 -0.051  0.088  0.013  1.000  0.137
        6  0.27651   0.159 -0.227 -0.026  0.017  0.137  1.000
 **********
 **    7 **SET ERR         0.5
 **********
 **********
 **    8 **SET PRINT           1
 **********
 **********
 **    9 **HESSE        3000
 **********
 COVARIANCE MATRIX CALCULATED SUCCESSFULLY
 FCN=-48374.5 FROM HESSE     STATUS=OK             40 CALLS         328 TOTAL
                     EDM=4.57987e-05    STRATEGY= 1      ERROR MATRIX ACCURATE 
  EXT PARAMETER                                INTERNAL      INTERNAL  
  NO.   NAME      VALUE            ERROR       STEP SIZE       VALUE   
   1  fra1         3.32578e+03   6.46776e+01   1.44939e-06  -1.54501e+00
   2  fra2         1.18911e+03   4.52377e+01   8.35853e-06  -1.55537e+00
   3  k           -1.29139e+01   7.45858e-01   1.06226e-03   5.39515e-01
   4  m0           9.79942e-01   1.13483e-04   3.43297e-05   2.26845e-02
   5  mean2       -1.06183e-04   8.14818e-05   4.88614e-05  -2.12366e-03
   6  sigma2       6.66768e-04   3.59035e-04   3.62669e-04  -1.33932e+00
                               ERR DEF= 0.5
 EXTERNAL ERROR MATRIX.    NDIM=  25    NPAR=  6    ERR DEF=0.5
  4.183e+03 -8.574e+02 -2.393e+00  1.432e-04  1.779e-04  3.512e-03 
 -8.574e+02  2.046e+03  2.393e+00 -1.432e-04 -1.778e-04 -3.512e-03 
 -2.393e+00  2.393e+00  5.565e-01  1.013e-05  5.378e-06 -6.874e-06 
  1.432e-04 -1.432e-04  1.013e-05  1.288e-08  1.214e-10  6.621e-10 
  1.779e-04 -1.778e-04  5.378e-06  1.214e-10  6.639e-09  3.772e-09 
  3.512e-03 -3.512e-03 -6.874e-06  6.621e-10  3.772e-09  1.291e-07 
 PARAMETER  CORRELATION COEFFICIENTS  
       NO.  GLOBAL      1      2      3      4      5      6
        1  0.30832   1.000 -0.293 -0.050  0.020  0.034  0.151
        2  0.34652  -0.293  1.000  0.071 -0.028 -0.048 -0.216
        3  0.17193  -0.050  0.071  1.000  0.120  0.088 -0.026
        4  0.12649   0.020 -0.028  0.120  1.000  0.013  0.016
        5  0.16096   0.034 -0.048  0.088  0.013  1.000  0.129
        6  0.26304   0.151 -0.216 -0.026  0.016  0.129  1.000
[#1] INFO:Minization -- RooMinimizer::optimizeConst: deactivating const optimization
[#1] INFO:Eval -- RooRealVar::setRange(mn) new range named 'bkg1' created with bounds [0.9,0.98]
[#1] INFO:Eval -- RooRealVar::setRange(mn) new range named 'bkg2' created with bounds [0.925,0.955]
1
0.415258
493.788
96425
4483
[#0] ERROR:InputArguments -- RooAbsPdf::fitTo(sum) ERROR: unrecognized command: r
[#1] INFO:Eval -- RooRealVar::setRange(mn) new range named 'refrange_fft_shape' created with bounds [0.9,0.98]
[#1] INFO:Caching -- RooAbsCachedPdf::getCache(shape) creating new cache 0x580ded0 with pdf keysshape_CONV_ga1_CACHE_Obs[mn] for nset (mn) with code 0 from preexisting content.
[#1] INFO:Minization -- RooMinimizer::optimizeConst: activating const optimization
[#1] INFO:Caching -- RooAbsCachedPdf::getCache(shape) creating new cache 0x593c3c0 with pdf keysshape_CONV_ga1_CACHE_Obs[mn] for nset (mn) with code 0 from preexisting content.
[#1] INFO:Minization --  The following expressions have been identified as constant and will be precalculated and cached: (keysshape)
[#1] INFO:Minization --  The following expressions will be evaluated in cache-and-track mode: (shape,argus)
 **********
 **   10 **SET PRINT           1
 **********
 **********
 **   11 **SET NOGRAD
 **********
 PARAMETER DEFINITIONS:
    NO.   NAME         VALUE      STEP SIZE      LIMITS
     1 fra1         4.52111e+05  2.26055e+05    0.00000e+00  2.00000e+07
 MINUIT WARNING IN PARAM DEF
 ============== LIMITS ON PARAM1 TOO FAR APART.
 PARAMETER DEFINITIONS:
    NO.   NAME         VALUE      STEP SIZE      LIMITS
     2 fra2         4.66232e+04  2.33116e+04    0.00000e+00  2.00000e+07
 MINUIT WARNING IN PARAM DEF
 ============== LIMITS ON PARAM2 TOO FAR APART.
 PARAMETER DEFINITIONS:
    NO.   NAME         VALUE      STEP SIZE      LIMITS
     3 k           -1.00000e+01  4.50000e+00   -5.00000e+01 -1.00000e+00
     4 m0           9.80000e-01  3.90000e-03    9.60000e-01  9.99000e-01
     5 mean2        5.00000e-03  1.00000e-02   -5.00000e-02  5.00000e-02
     6 sigma2       5.00000e-03  2.50000e-03    0.00000e+00  5.00000e-02
 **********
 **   12 **SET ERR         0.5
 **********
 **********
 **   13 **SET PRINT           1
 **********
 **********
 **   14 **SET STR           1
 **********
 NOW USING STRATEGY  1: TRY TO BALANCE SPEED AGAINST RELIABILITY
 **********
 **   15 **MIGRAD        3000           1
 **********
 FIRST CALL TO USER FUNCTION AT NEW START POINT, WITH IFLAG=4.
 START MIGRAD MINIMIZATION.  STRATEGY  1.  CONVERGENCE WHEN EDM .LT. 1.00e-03
 FCN=426437 FROM MIGRAD    STATUS=INITIATE       26 CALLS          27 TOTAL
                     EDM= unknown      STRATEGY= 1      NO ERROR MATRIX       
  EXT PARAMETER               CURRENT GUESS       STEP         FIRST   
  NO.   NAME      VALUE            ERROR          SIZE      DERIVATIVE 
   1  fra1         4.52111e+05   2.26055e+05   7.86831e-02   2.94763e+06
   2  fra2         4.66232e+04   2.33116e+04   2.50205e-02   9.51069e+05
   3  k           -1.00000e+01   4.50000e+00   2.44700e-01  -1.46048e+02
   4  m0           9.80000e-01   3.90000e-03   2.01428e-01  -6.10825e+02
   5  mean2        5.00000e-03   1.00000e-02   2.02430e-01   1.69803e+04
   6  sigma2       5.00000e-03   2.50000e-03   1.72186e-01  -1.58697e+03
                               ERR DEF= 0.5
 MIGRAD MINIMIZATION HAS CONVERGED.
 MIGRAD WILL VERIFY CONVERGENCE AND ERROR MATRIX.
 COVARIANCE MATRIX CALCULATED SUCCESSFULLY
 FCN=-47909.3 FROM HESSE     STATUS=OK             44 CALLS         399 TOTAL
                     EDM=0.22208    STRATEGY= 1      ERROR MATRIX ACCURATE 
  EXT PARAMETER                                   STEP         FIRST   
  NO.   NAME      VALUE            ERROR          SIZE      DERIVATIVE 
   1  fra1         3.31531e+03   6.50486e+01   3.61662e-05  -3.25348e+00
   2  fra2         1.16773e+03   4.56421e+01   4.22243e-05   3.38831e-01
   3  k           -9.11698e+00   7.50779e-01   6.11640e-03   1.20881e+00
   4  m0           9.80236e-01   2.13453e-04   1.63101e-03  -6.14205e+01
   5  mean2       -1.33255e-04   8.29928e-05   2.47880e-04  -2.14305e-01
   6  sigma2       8.10588e-04   2.97844e-04   6.83652e-03  -6.10767e-02
                               ERR DEF= 0.5
 MIGRAD MINIMIZATION HAS CONVERGED.
 FCN=-47909.7 FROM MIGRAD    STATUS=CONVERGED     445 CALLS         446 TOTAL
                     EDM=3.90368e-05    STRATEGY= 1  ERROR MATRIX UNCERTAINTY   8.3 per cent
  EXT PARAMETER                                   STEP         FIRST   
  NO.   NAME      VALUE            ERROR          SIZE      DERIVATIVE 
   1  fra1         3.31835e+03   6.51066e+01   1.46558e-08  -1.71091e-01
   2  fra2         1.16465e+03   4.56038e+01   5.92351e-08   2.72516e-01
   3  k           -8.95079e+00   7.54603e-01   4.33932e-04   1.13163e-01
   4  m0           9.80591e-01   5.23487e-04   3.91059e-04  -4.75993e-01
   5  mean2       -1.31651e-04   8.29796e-05   2.60333e-07  -3.67095e-02
   6  sigma2       8.19916e-04   2.87610e-04  -2.58546e-04  -4.36795e-02
                               ERR DEF= 0.5
 EXTERNAL ERROR MATRIX.    NDIM=  25    NPAR=  6    ERR DEF=0.5
  4.239e+03  9.181e+02 -1.583e+00 -2.166e-03 -1.488e-04 -2.685e-03 
  9.181e+02  2.080e+03 -1.665e+00 -2.121e-03 -1.487e-04 -2.663e-03 
 -1.583e+00 -1.665e+00  5.698e-01  1.783e-04  6.440e-06  1.389e-05 
 -2.166e-03 -2.121e-03  1.783e-04  2.741e-07  1.587e-09  2.088e-09 
 -1.488e-04 -1.487e-04  6.440e-06  1.587e-09  6.886e-09  2.868e-09 
 -2.685e-03 -2.663e-03  1.389e-05  2.088e-09  2.868e-09  8.278e-08 
 PARAMETER  CORRELATION COEFFICIENTS  
       NO.  GLOBAL      1      2      3      4      5      6
        1  0.32215   1.000  0.309 -0.032 -0.064 -0.028 -0.143
        2  0.35514   0.309  1.000 -0.048 -0.089 -0.039 -0.203
        3  0.46187  -0.032 -0.048  1.000  0.451  0.103  0.064
        4  0.45829  -0.064 -0.089  0.451  1.000  0.037  0.014
        5  0.15423  -0.028 -0.039  0.103  0.037  1.000  0.120
        6  0.25202  -0.143 -0.203  0.064  0.014  0.120  1.000
 **********
 **   16 **SET ERR         0.5
 **********
 **********
 **   17 **SET PRINT           1
 **********
 **********
 **   18 **HESSE        3000
 **********
 COVARIANCE MATRIX CALCULATED SUCCESSFULLY
 FCN=-47909.7 FROM HESSE     STATUS=OK             52 CALLS         498 TOTAL
                     EDM=0.000106577    STRATEGY= 1      ERROR MATRIX ACCURATE 
  EXT PARAMETER                                INTERNAL      INTERNAL  
  NO.   NAME      VALUE            ERROR       STEP SIZE       VALUE   
   1  fra1         3.31835e+03   6.51730e+01   3.61541e-05  -1.59656e+00
   2  fra2         1.16465e+03   4.57525e+01   4.22125e-05  -1.55553e+00
   3  k           -8.95079e+00   7.91274e-01   6.14825e-03   7.41613e-01
   4  m0           9.80591e-01   5.37310e-04   3.82381e-03   5.59646e-02
   5  mean2       -1.31651e-04   8.30136e-05   2.47819e-04  -2.63303e-03
   6  sigma2       8.19916e-04   2.95743e-04   6.76757e-03  -1.31398e+00
                               ERR DEF= 0.5
 EXTERNAL ERROR MATRIX.    NDIM=  25    NPAR=  6    ERR DEF=0.5
  4.248e+03  9.292e+02 -1.149e+00 -2.499e-03 -1.542e-04 -2.957e-03 
  9.292e+02  2.093e+03 -1.149e+00 -2.497e-03 -1.541e-04 -2.953e-03 
 -1.149e+00 -1.149e+00  6.265e-01  1.529e-04  6.685e-06  6.795e-06 
 -2.499e-03 -2.497e-03  1.529e-04  2.888e-07  1.516e-09  8.727e-09 
 -1.542e-04 -1.541e-04  6.685e-06  1.516e-09  6.891e-09  3.009e-09 
 -2.957e-03 -2.953e-03  6.795e-06  8.727e-09  3.009e-09  8.753e-08 
 PARAMETER  CORRELATION COEFFICIENTS  
       NO.  GLOBAL      1      2      3      4      5      6
        1  0.32583   1.000  0.312 -0.022 -0.071 -0.029 -0.153
        2  0.36352   0.312  1.000 -0.032 -0.102 -0.041 -0.218
        3  0.37058  -0.022 -0.032  1.000  0.359  0.102  0.029
        4  0.37325  -0.071 -0.102  0.359  1.000  0.034  0.055
        5  0.15783  -0.029 -0.041  0.102  0.034  1.000  0.123
        6  0.26258  -0.153 -0.218  0.029  0.055  0.123  1.000
[#1] INFO:Minization -- RooMinimizer::optimizeConst: deactivating const optimization
[#1] INFO:Eval -- RooRealVar::setRange(mn) new range named 'bkg1' created with bounds [0.9,0.98]
[#1] INFO:Eval -- RooRealVar::setRange(mn) new range named 'bkg2' created with bounds [0.925,0.955]
1
0.417596
486.354
548588
23143
[#0] ERROR:InputArguments -- RooAbsPdf::fitTo(sum) ERROR: unrecognized command: r
[#1] INFO:Eval -- RooRealVar::setRange(mn) new range named 'refrange_fft_shape' created with bounds [0.9,0.98]
[#1] INFO:Caching -- RooAbsCachedPdf::getCache(shape) creating new cache 0x5961ec0 with pdf keysshape_CONV_ga1_CACHE_Obs[mn] for nset (mn) with code 0 from preexisting content.
[#1] INFO:Minization -- RooMinimizer::optimizeConst: activating const optimization
[#1] INFO:Caching -- RooAbsCachedPdf::getCache(shape) creating new cache 0x58e6070 with pdf keysshape_CONV_ga1_CACHE_Obs[mn] for nset (mn) with code 0 from preexisting content.
[#1] INFO:Minization --  The following expressions have been identified as constant and will be precalculated and cached: (keysshape)
[#1] INFO:Minization --  The following expressions will be evaluated in cache-and-track mode: (shape,argus)
 **********
 **   19 **SET PRINT           1
 **********
 **********
 **   20 **SET NOGRAD
 **********
 PARAMETER DEFINITIONS:
    NO.   NAME         VALUE      STEP SIZE      LIMITS
     1 fra1         2.33397e+06  1.16699e+06    0.00000e+00  2.00000e+07
 MINUIT WARNING IN PARAM DEF
 ============== LIMITS ON PARAM1 TOO FAR APART.
 PARAMETER DEFINITIONS:
    NO.   NAME         VALUE      STEP SIZE      LIMITS
     2 fra2         2.40687e+05  1.20344e+05    0.00000e+00  2.00000e+07
 MINUIT WARNING IN PARAM DEF
 ============== LIMITS ON PARAM2 TOO FAR APART.
 PARAMETER DEFINITIONS:
    NO.   NAME         VALUE      STEP SIZE      LIMITS
     3 k           -1.00000e+01  4.50000e+00   -5.00000e+01 -1.00000e+00
     4 m0           9.80000e-01  3.90000e-03    9.60000e-01  9.99000e-01
     5 mean2        5.00000e-03  1.00000e-02   -5.00000e-02  5.00000e-02
     6 sigma2       5.00000e-03  2.50000e-03    0.00000e+00  5.00000e-02
 **********
 **   21 **SET ERR         0.5
 **********
 **********
 **   22 **SET PRINT           1
 **********
 **********
 **   23 **SET STR           1
 **********
 NOW USING STRATEGY  1: TRY TO BALANCE SPEED AGAINST RELIABILITY
 **********
 **   24 **MIGRAD        3000           1
 **********
 FIRST CALL TO USER FUNCTION AT NEW START POINT, WITH IFLAG=4.
 START MIGRAD MINIMIZATION.  STRATEGY  1.  CONVERGENCE WHEN EDM .LT. 1.00e-03
 FCN=2.1635e+06 FROM MIGRAD    STATUS=INITIATE       81 CALLS          82 TOTAL
                     EDM= unknown      STRATEGY= 1      NO ERROR MATRIX       
  EXT PARAMETER               CURRENT GUESS       STEP         FIRST   
  NO.   NAME      VALUE            ERROR          SIZE      DERIVATIVE 
   1  fra1         2.33397e+06   1.16699e+06   0.00000e+00   6.36704e+06
   2  fra2         2.40687e+05   1.20344e+05   0.00000e+00   2.14950e+06
   3  k           -4.36277e+00   4.50000e+00   0.00000e+00  -3.72854e+01
   4  m0           9.82697e-01   3.90000e-03   1.39028e-01  -3.16366e+02
   5  mean2        5.00000e-03   1.00000e-02   0.00000e+00   8.42675e+04
   6  sigma2       5.00000e-03   2.50000e-03   0.00000e+00  -8.68928e+03
                               ERR DEF= 0.5
 MIGRAD MINIMIZATION HAS CONVERGED.
 MIGRAD WILL VERIFY CONVERGENCE AND ERROR MATRIX.
 COVARIANCE MATRIX CALCULATED SUCCESSFULLY
 FCN=-285233 FROM MIGRAD    STATUS=CONVERGED     446 CALLS         447 TOTAL
                     EDM=0.000604273    STRATEGY= 1      ERROR MATRIX ACCURATE 
  EXT PARAMETER                                   STEP         FIRST   
  NO.   NAME      VALUE            ERROR          SIZE      DERIVATIVE 
   1  fra1         1.69742e+04   1.47837e+02   8.80494e-05   7.68331e-01
   2  fra2         6.16865e+03   1.05100e+02   1.01211e-04  -9.90443e+00
   3  k           -1.05641e+01   4.03578e-01   5.97544e-03   2.96669e-01
   4  m0           9.82234e-01   6.36944e-04   9.33921e-03   3.52237e-01
   5  mean2       -1.24613e-04   3.69206e-05   2.68283e-04   1.39586e+00
   6  sigma2       6.95637e-04   1.67602e-04   1.00359e-02  -7.15697e-01
                               ERR DEF= 0.5
 EXTERNAL ERROR MATRIX.    NDIM=  25    NPAR=  6    ERR DEF=0.5
  2.186e+04  4.881e+03 -3.785e+00 -1.323e-02 -2.326e-04 -4.498e-03 
  4.881e+03  1.105e+04 -3.781e+00 -1.321e-02 -2.323e-04 -4.492e-03 
 -3.785e+00 -3.781e+00  1.629e-01  1.597e-04  1.693e-06  4.077e-06 
 -1.323e-02 -1.321e-02  1.597e-04  4.058e-07  1.665e-09  1.260e-08 
 -2.326e-04 -2.323e-04  1.693e-06  1.665e-09  1.363e-09  8.208e-10 
 -4.498e-03 -4.492e-03  4.077e-06  1.260e-08  8.208e-10  2.810e-08 
 PARAMETER  CORRELATION COEFFICIENTS  
       NO.  GLOBAL      1      2      3      4      5      6
        1  0.33964   1.000  0.314 -0.063 -0.140 -0.043 -0.181
        2  0.39881   0.314  1.000 -0.089 -0.197 -0.060 -0.255
        3  0.62637  -0.063 -0.089  1.000  0.621  0.114  0.060
        4  0.64137  -0.140 -0.197  0.621  1.000  0.071  0.118
        5  0.17174  -0.043 -0.060  0.114  0.071  1.000  0.133
        6  0.30449  -0.181 -0.255  0.060  0.118  0.133  1.000
 **********
 **   25 **SET ERR         0.5
 **********
 **********
 **   26 **SET PRINT           1
 **********
 **********
 **   27 **HESSE        3000
 **********
 COVARIANCE MATRIX CALCULATED SUCCESSFULLY
 FCN=-285233 FROM HESSE     STATUS=OK             40 CALLS         487 TOTAL
                     EDM=0.000616604    STRATEGY= 1      ERROR MATRIX ACCURATE 
  EXT PARAMETER                                INTERNAL      INTERNAL  
  NO.   NAME      VALUE            ERROR       STEP SIZE       VALUE   
   1  fra1         1.69742e+04   1.47612e+02   3.52198e-06  -1.62907e+00
   2  fra2         6.16865e+03   1.04801e+02   2.02421e-05  -1.53567e+00
   3  k           -1.05641e+01   4.08252e-01   2.39018e-04   6.55594e-01
   4  m0           9.82234e-01   6.45135e-04   3.73568e-04   1.40660e-01
   5  mean2       -1.24613e-04   3.68856e-05   5.36566e-05  -2.49226e-03
   6  sigma2       6.95637e-04   1.67256e-04   4.01438e-04  -1.33434e+00
                               ERR DEF= 0.5
 EXTERNAL ERROR MATRIX.    NDIM=  25    NPAR=  6    ERR DEF=0.5
  2.179e+04  4.815e+03 -3.912e+00 -1.342e-02 -2.206e-04 -4.245e-03 
  4.815e+03  1.098e+04 -3.912e+00 -1.342e-02 -2.205e-04 -4.244e-03 
 -3.912e+00 -3.912e+00  1.667e-01  1.665e-04  1.721e-06  4.021e-06 
 -1.342e-02 -1.342e-02  1.665e-04  4.164e-07  1.702e-09  1.226e-08 
 -2.206e-04 -2.205e-04  1.721e-06  1.702e-09  1.361e-09  7.669e-10 
 -4.245e-03 -4.244e-03  4.021e-06  1.226e-08  7.669e-10  2.798e-08 
 PARAMETER  CORRELATION COEFFICIENTS  
       NO.  GLOBAL      1      2      3      4      5      6
        1  0.33564   1.000  0.311 -0.065 -0.141 -0.041 -0.172
        2  0.39276   0.311  1.000 -0.091 -0.198 -0.057 -0.242
        3  0.63733  -0.065 -0.091  1.000  0.632  0.114  0.059
        4  0.65167  -0.141 -0.198  0.632  1.000  0.072  0.114
        5  0.16629  -0.041 -0.057  0.114  0.072  1.000  0.124
        6  0.28911  -0.172 -0.242  0.059  0.114  0.124  1.000
[#1] INFO:Minization -- RooMinimizer::optimizeConst: deactivating const optimization
[#1] INFO:Eval -- RooRealVar::setRange(mn) new range named 'bkg1' created with bounds [0.9,0.98]
[#1] INFO:Eval -- RooRealVar::setRange(mn) new range named 'bkg2' created with bounds [0.925,0.955]
1
0.40843
2519.46
524759
23358
[#0] ERROR:InputArguments -- RooAbsPdf::fitTo(sum) ERROR: unrecognized command: r
[#1] INFO:Eval -- RooRealVar::setRange(mn) new range named 'refrange_fft_shape' created with bounds [0.9,0.98]
[#1] INFO:Caching -- RooAbsCachedPdf::getCache(shape) creating new cache 0x316d550 with pdf keysshape_CONV_ga1_CACHE_Obs[mn] for nset (mn) with code 0 from preexisting content.
[#1] INFO:Minization -- RooMinimizer::optimizeConst: activating const optimization
[#1] INFO:Caching -- RooAbsCachedPdf::getCache(shape) creating new cache 0x292d260 with pdf keysshape_CONV_ga1_CACHE_Obs[mn] for nset (mn) with code 0 from preexisting content.
[#1] INFO:Minization --  The following expressions have been identified as constant and will be precalculated and cached: (keysshape)
[#1] INFO:Minization --  The following expressions will be evaluated in cache-and-track mode: (shape,argus)
 **********
 **   28 **SET PRINT           1
 **********
 **********
 **   29 **SET NOGRAD
 **********
 PARAMETER DEFINITIONS:
    NO.   NAME         VALUE      STEP SIZE      LIMITS
     1 fra1         2.35565e+06  1.17783e+06    0.00000e+00  2.00000e+07
 MINUIT WARNING IN PARAM DEF
 ============== LIMITS ON PARAM1 TOO FAR APART.
 PARAMETER DEFINITIONS:
    NO.   NAME         VALUE      STEP SIZE      LIMITS
     2 fra2         2.42923e+05  1.21462e+05    0.00000e+00  2.00000e+07
 MINUIT WARNING IN PARAM DEF
 ============== LIMITS ON PARAM2 TOO FAR APART.
 PARAMETER DEFINITIONS:
    NO.   NAME         VALUE      STEP SIZE      LIMITS
     3 k           -1.00000e+01  4.50000e+00   -5.00000e+01 -1.00000e+00
     4 m0           9.80000e-01  3.90000e-03    9.60000e-01  9.99000e-01
     5 mean2        5.00000e-03  1.00000e-02   -5.00000e-02  5.00000e-02
     6 sigma2       5.00000e-03  2.50000e-03    0.00000e+00  5.00000e-02
 **********
 **   30 **SET ERR         0.5
 **********
 **********
 **   31 **SET PRINT           1
 **********
 **********
 **   32 **SET STR           1
 **********
 NOW USING STRATEGY  1: TRY TO BALANCE SPEED AGAINST RELIABILITY
 **********
 **   33 **MIGRAD        3000           1
 **********
 FIRST CALL TO USER FUNCTION AT NEW START POINT, WITH IFLAG=4.
 START MIGRAD MINIMIZATION.  STRATEGY  1.  CONVERGENCE WHEN EDM .LT. 1.00e-03
 FCN=2.18349e+06 FROM MIGRAD    STATUS=INITIATE       28 CALLS          29 TOTAL
                     EDM= unknown      STRATEGY= 1      NO ERROR MATRIX       
  EXT PARAMETER               CURRENT GUESS       STEP         FIRST   
  NO.   NAME      VALUE            ERROR          SIZE      DERIVATIVE 
   1  fra1         2.35565e+06   1.17783e+06   1.88682e-01   6.39189e+06
   2  fra2         2.42923e+05   1.21462e+05   5.73829e-02   2.16045e+06
   3  k           -1.00000e+01   4.50000e+00   2.44700e-01  -6.70331e+02
   4  m0           9.80000e-01   3.90000e-03   2.01428e-01  -2.38939e+03
   5  mean2        5.00000e-03   1.00000e-02   2.02430e-01   8.78784e+04
   6  sigma2       5.00000e-03   2.50000e-03   1.72186e-01  -7.98470e+03
                               ERR DEF= 0.5
 MIGRAD MINIMIZATION HAS CONVERGED.
 MIGRAD WILL VERIFY CONVERGENCE AND ERROR MATRIX.
 COVARIANCE MATRIX CALCULATED SUCCESSFULLY
 FCN=-287964 FROM MIGRAD    STATUS=CONVERGED     691 CALLS         692 TOTAL
                     EDM=0.000960063    STRATEGY= 1      ERROR MATRIX ACCURATE 
  EXT PARAMETER                                   STEP         FIRST   
  NO.   NAME      VALUE            ERROR          SIZE      DERIVATIVE 
   1  fra1         1.73572e+04   1.50536e+02   8.86389e-05   9.52273e+00
   2  fra2         6.00033e+03   1.06303e+02   1.03822e-04  -9.03515e+00
   3  k           -8.70071e+00   3.87843e-01   6.70985e-03   1.32484e-02
   4  m0           9.81350e-01   4.76814e-04   7.46730e-03   4.00133e-01
   5  mean2       -1.58848e-04   3.70727e-05   2.72028e-04  -4.38868e-01
   6  sigma2       6.38762e-04   1.89832e-04   1.19747e-02  -9.00230e-01
                               ERR DEF= 0.5
 EXTERNAL ERROR MATRIX.    NDIM=  25    NPAR=  6    ERR DEF=0.5
  2.266e+04  5.304e+03 -3.011e+00 -8.859e-03 -1.410e-04 -5.335e-03 
  5.304e+03  1.130e+04 -3.010e+00 -8.851e-03 -1.409e-04 -5.328e-03 
 -3.011e+00 -3.010e+00  1.504e-01  1.012e-04  1.592e-06  4.115e-06 
 -8.859e-03 -8.851e-03  1.012e-04  2.274e-07  9.335e-10  9.493e-09 
 -1.410e-04 -1.409e-04  1.592e-06  9.335e-10  1.374e-09  6.343e-10 
 -5.335e-03 -5.328e-03  4.115e-06  9.493e-09  6.343e-10  3.605e-08 
 PARAMETER  CORRELATION COEFFICIENTS  
       NO.  GLOBAL      1      2      3      4      5      6
        1  0.35240   1.000  0.331 -0.052 -0.123 -0.025 -0.187
        2  0.40813   0.331  1.000 -0.073 -0.175 -0.036 -0.264
        3  0.55376  -0.052 -0.073  1.000  0.547  0.111  0.056
        4  0.56726  -0.123 -0.175  0.547  1.000  0.053  0.105
        5  0.14035  -0.025 -0.036  0.111  0.053  1.000  0.090
        6  0.29898  -0.187 -0.264  0.056  0.105  0.090  1.000
 **********
 **   34 **SET ERR         0.5
 **********
 **********
 **   35 **SET PRINT           1
 **********
 **********
 **   36 **HESSE        3000
 **********
 COVARIANCE MATRIX CALCULATED SUCCESSFULLY
 FCN=-287964 FROM HESSE     STATUS=OK             40 CALLS         732 TOTAL
                     EDM=0.000966841    STRATEGY= 1      ERROR MATRIX ACCURATE 
  EXT PARAMETER                                INTERNAL      INTERNAL  
  NO.   NAME      VALUE            ERROR       STEP SIZE       VALUE   
   1  fra1         1.73572e+04   1.50208e+02   1.77278e-05  -1.62972e+00
   2  fra2         6.00033e+03   1.05852e+02   2.07644e-05  -1.53615e+00
   3  k           -8.70071e+00   3.90968e-01   2.68394e-04   7.55545e-01
   4  m0           9.81350e-01   4.81619e-04   2.98692e-04   9.50084e-02
   5  mean2       -1.58848e-04   3.70524e-05   1.08811e-05  -3.17696e-03
   6  sigma2       6.38762e-04   1.89618e-04   4.78987e-04  -1.34426e+00
                               ERR DEF= 0.5
 EXTERNAL ERROR MATRIX.    NDIM=  25    NPAR=  6    ERR DEF=0.5
  2.256e+04  5.205e+03 -3.023e+00 -8.881e-03 -1.298e-04 -4.966e-03 
  5.205e+03  1.120e+04 -3.023e+00 -8.880e-03 -1.298e-04 -4.965e-03 
 -3.023e+00 -3.023e+00  1.529e-01  1.049e-04  1.610e-06  3.927e-06 
 -8.881e-03 -8.880e-03  1.049e-04  2.320e-07  9.530e-10  9.060e-09 
 -1.298e-04 -1.298e-04  1.610e-06  9.530e-10  1.373e-09  5.801e-10 
 -4.966e-03 -4.965e-03  3.927e-06  9.060e-09  5.801e-10  3.597e-08 
 PARAMETER  CORRELATION COEFFICIENTS  
       NO.  GLOBAL      1      2      3      4      5      6
        1  0.34692   1.000  0.327 -0.051 -0.123 -0.023 -0.174
        2  0.39932   0.327  1.000 -0.073 -0.174 -0.033 -0.247
        3  0.56365  -0.051 -0.073  1.000  0.557  0.111  0.053
        4  0.57650  -0.123 -0.174  0.557  1.000  0.053  0.099
        5  0.13647  -0.023 -0.033  0.111  0.053  1.000  0.083
        6  0.28009  -0.174 -0.247  0.053  0.099  0.083  1.000
[#1] INFO:Minization -- RooMinimizer::optimizeConst: deactivating const optimization
[#1] INFO:Eval -- RooRealVar::setRange(mn) new range named 'bkg1' created with bounds [0.9,0.98]
[#1] INFO:Eval -- RooRealVar::setRange(mn) new range named 'bkg2' created with bounds [0.925,0.955]
1
0.414404
2486.56
out.txt
OK 11111111113
OK
OK 11111111111
OK 11111111111
 **********
 **    1 **SET PRINT           0
 **********
 **********
 **    2 **SET ERR         0.5
 **********
 PARAMETER DEFINITIONS:
    NO.   NAME         VALUE      STEP SIZE      LIMITS
     1 alpha_jpsi   5.86000e-01  1.00000e-03   -1.00000e+00  1.00000e+00
     2 dphi_jpsi    1.12100e+00  1.00000e-03   -3.14159e+00  3.14159e+00
OK 11111111111
     3 xi_alpha    -3.75600e-01  1.00000e-03   -1.00000e+00  0.00000e+00
     4 xi_phi       1.20000e-02  1.00000e-03   -3.14159e+00  3.14159e+00
     5 xib_alpha    3.75600e-01  1.00000e-03    0.00000e+00  1.00000e+00
     6 xib_phi     -1.20000e-02  1.00000e-03   -3.14159e+00  3.14159e+00
     7 L1_alpha     6.92000e-01  1.00000e-03    0.00000e+00  1.00000e+00
     8 L2_alpha    -7.51000e-01  1.00000e-03   -1.00000e+00  0.00000e+00
     9 L3_alpha     7.51000e-01  1.00000e-03    1.00000e+00  0.00000e+00
 MINUIT WARNING IN PARAM DEF
 ============== PARAMETER LIMITS WERE REVERSED.
 PARAMETER DEFINITIONS:
    NO.   NAME         VALUE      STEP SIZE      LIMITS
    10 L4_alpha    -6.92000e-01  1.00000e-03   -1.00000e+00  0.00000e+00
OK 11111111113
OK 11111111114
 **********
 **    3 **MINI
 **********
 MIGRAD MINIMIZATION HAS CONVERGED.
 MIGRAD WILL VERIFY CONVERGENCE AND ERROR MATRIX.
 FCN=-2592.72 FROM MIGRAD    STATUS=CONVERGED     262 CALLS         263 TOTAL
                     EDM=4.30884e-06    STRATEGY= 1      ERROR MATRIX ACCURATE 
  EXT PARAMETER                                   STEP         FIRST   
  NO.   NAME      VALUE + OFFSET            ERROR          SIZE      DERIVATIVE 
OK 1    1  alpha_jpsi   9.73411e+00    1.84050e-02   6.95970e-04   4.18133e-02
OK 1    2  dphi_jpsi    3.66376e+00    6.71653e-02   6.95281e-04   4.73949e-03
OK 1    3  xi_alpha    -1.56352e+00    9.97371e-03   7.05280e-04  -5.54809e-02
OK 1    4  xi_phi       9.82782e+00    2.79333e-02   3.12426e-04  -9.63263e-02
OK 1    5  xib_alpha   -2.24764e+00    9.92661e-03   6.80703e-04   8.45536e-03
OK 1    6  xib_phi     -7.28675e+00    2.83264e-02   3.16839e-04   2.72665e-02
OK 1    7  L1_alpha    -7.35018e+00    1.96886e-02   1.32082e-03  -1.55896e-04
OK 1    8  L2_alpha    -2.54909e+00    2.06319e-02   1.57769e-03  -5.13901e-03
OK 1    9  L3_alpha     3.23482e+00    2.03634e-02   1.45999e-03  -1.57498e-02
OK 1   10  L4_alpha     1.37685e+00    1.98550e-02   1.33869e-03   1.49317e-02
                               ERR DEF= 0.5
OK 11111111115
 **********
 **    4 **MINOS
 **********
 FCN=-2592.72 FROM MINOS     STATUS=SUCCESSFUL    840 CALLS        1103 TOTAL
                     EDM=4.30884e-06    STRATEGY= 1      ERROR MATRIX ACCURATE 
  EXT PARAMETER                  PARABOLIC         MINOS ERRORS        
  NO.   NAME      VALUE + OFFSET            ERROR      NEGATIVE      POSITIVE   
OK 1    1  alpha_jpsi   9.73411e+00    1.84050e-02  -1.84675e-02   1.83407e-02
OK 1    2  dphi_jpsi    3.66376e+00    6.71653e-02  -6.38498e-02   7.11425e-02
OK 1    3  xi_alpha    -1.56352e+00    9.97371e-03  -9.97243e-03   9.97759e-03
OK 1    4  xi_phi       9.82782e+00    2.79333e-02  -2.79115e-02   2.79611e-02
OK 1    5  xib_alpha   -2.24764e+00    9.92661e-03  -9.91714e-03   9.93661e-03
OK 1    6  xib_phi     -7.28675e+00    2.83264e-02  -2.83399e-02   2.83192e-02
OK 1    7  L1_alpha    -7.35018e+00    1.96886e-02  -1.96375e-02   1.97489e-02
OK 1    8  L2_alpha    -2.54909e+00    2.06319e-02  -2.07053e-02   2.05789e-02
OK 1    9  L3_alpha     3.23482e+00    2.03634e-02  -2.02954e-02   2.04523e-02
OK 1   10  L4_alpha     1.37685e+00    1.98550e-02  -1.99199e-02   1.98074e-02
                               ERR DEF= 0.5
OK 11111111115
 EXTERNAL ERROR MATRIX.    NDIM=  25    NPAR= 10    ERR DEF=0.5
  3.388e-04  5.790e-04 -6.859e-07  1.341e-05  2.182e-06 -5.621e-06 -4.717e-05  3.181e-05 -3.555e-05  3.506e-05 
  5.790e-04  4.512e-03  2.779e-06  6.434e-06  3.631e-05  2.419e-05 -1.259e-04  2.325e-04 -1.853e-04  1.377e-04 
 -6.859e-07  2.779e-06  9.949e-05  4.705e-07  3.424e-07 -1.793e-06  3.227e-05 -1.644e-06  4.191e-05  1.124e-05 
  1.341e-05  6.434e-06  4.705e-07  7.803e-04 -6.685e-06  2.401e-06 -8.253e-06 -7.661e-06 -5.392e-06 -1.178e-05 
  2.182e-06  3.631e-05  3.424e-07 -6.685e-06  9.855e-05 -1.596e-06  1.107e-05  5.498e-05 -1.061e-06  3.426e-05 
 -5.621e-06  2.419e-05 -1.793e-06  2.401e-06 -1.596e-06  8.024e-04 -1.006e-05 -1.439e-05 -2.447e-06  5.827e-06 
 -4.717e-05 -1.259e-04  3.227e-05 -8.253e-06  1.107e-05 -1.006e-05  3.879e-04  1.460e-04  2.022e-05  1.717e-06 
  3.181e-05  2.325e-04 -1.644e-06 -7.661e-06  5.498e-05 -1.439e-05  1.460e-04  4.260e-04 -1.024e-05  2.497e-05 
 -3.555e-05 -1.853e-04  4.191e-05 -5.392e-06 -1.061e-06 -2.447e-06  2.022e-05 -1.024e-05  4.150e-04  1.542e-04 
  3.506e-05  1.377e-04  1.124e-05 -1.178e-05  3.426e-05  5.827e-06  1.717e-06  2.497e-05  1.542e-04  3.945e-04 
 PARAMETER  CORRELATION COEFFICIENTS  
       NO.  GLOBAL      1      2      3      4      5      6      7      8      9     10
        1  0.48531   1.000  0.468 -0.004  0.026  0.012 -0.011 -0.130  0.084 -0.095  0.096
        2  0.51192   0.468  1.000  0.004  0.003  0.054  0.013 -0.095  0.168 -0.135  0.103
        3  0.27468  -0.004  0.004  1.000  0.002  0.003 -0.006  0.164 -0.008  0.206  0.057
        4  0.04349   0.026  0.003  0.002  1.000 -0.024  0.003 -0.015 -0.013 -0.009 -0.021
        5  0.32324   0.012  0.054  0.003 -0.024  1.000 -0.006  0.057  0.268 -0.005  0.174
        6  0.03956  -0.011  0.013 -0.006  0.003 -0.006  1.000 -0.018 -0.025 -0.004  0.010
        7  0.44009  -0.130 -0.095  0.164 -0.015  0.057 -0.018  1.000  0.359  0.050  0.004
        8  0.48327   0.084  0.168 -0.008 -0.013  0.268 -0.025  0.359  1.000 -0.024  0.061
        9  0.46664  -0.095 -0.135  0.206 -0.009 -0.005 -0.004  0.050 -0.024  1.000  0.381
       10  0.45165   0.096  0.103  0.057 -0.021  0.174  0.010  0.004  0.061  0.381  1.000
OK 11111111115

[1mRooFit v3.60 -- Developed by Wouter Verkerke and David Kirkby[0m 
