option -a

option -d with value `v1'
option -b

option -i with value `2009'
option -d with value `2009'
/data/liul/workarea/XIXI/fit/boost/2009/xixipm/v1/mdiy/mdiy30x.root => 2009
/data/liul/workarea/XIXI/fit/boost/2009/xixipm/v1/bkg1/bkg30x.root => 2009
/data/liul/workarea/XIXI/fit/boost/2009/xixipm/v1/phsp/phsp30x.root => 2009
/data/liul/workarea/XIXI/fit/boost/2009/xixipp/v1/mdiy/mdiy30x.root => 2009
/data/liul/workarea/XIXI/fit/boost/2009/xixipp/v1/bkg1/bkg30x.root => 2009
/data/liul/workarea/XIXI/fit/boost/2009/xixipp/v1/phsp/phsp30x.root => 2009
/data/liul/workarea/XIXI/fit/boost/2012/xixipm/v1/mdiy/mdiy30x.root => 2012
/data/liul/workarea/XIXI/fit/boost/2012/xixipm/v1/bkg1/bkg30x.root => 2012
/data/liul/workarea/XIXI/fit/boost/2012/xixipm/v1/phsp/phsp30x.root => 2012
/data/liul/workarea/XIXI/fit/boost/2012/xixipp/v1/mdiy/mdiy30x.root => 2012
/data/liul/workarea/XIXI/fit/boost/2012/xixipp/v1/bkg1/bkg30x.root => 2012
/data/liul/workarea/XIXI/fit/boost/2012/xixipp/v1/phsp/phsp30x.root => 2012

out.txt
N[0][0] : 4550
N[0][1] : 23064
N[0][2] : 121242
N[0][3] : 4163
N[0][4] : 18014
N[0][5] : 115552
N[1][0] : 24527
N[1][1] : 124448
N[1][2] : 651275
N[1][3] : 22369
N[1][4] : 96898
N[1][5] : 616351
OK 11111111113
OK
OK 11111111111
OK 11111111111
 **********
 **    1 **SET PRINT           0
 **********
 **********
 **    2 **SET ERR         0.5
 **********
 PARAMETER DEFINITIONS:
    NO.   NAME         VALUE      STEP SIZE      LIMITS
     1 alpha_jpsi   5.86000e-01  1.00000e-03   -1.00000e+00  1.00000e+00
     2 dphi_jpsi    1.12100e+00  1.00000e-03   -3.14159e+00  3.14159e+00
OK 11111111111
     3 xi_alpha    -3.75600e-01  1.00000e-03   -1.00000e+00  0.00000e+00
     4 xi_phi       1.20000e-02  1.00000e-03   -3.14159e+00  3.14159e+00
     5 xib_alpha    3.75600e-01  1.00000e-03    0.00000e+00  1.00000e+00
     6 xib_phi     -1.20000e-02  1.00000e-03   -3.14159e+00  3.14159e+00
     7 L1_alpha     6.92000e-01  1.00000e-03    0.00000e+00  1.00000e+00
     8 L2_alpha    -7.51000e-01  1.00000e-03   -1.00000e+00  0.00000e+00
     9 L3_alpha     7.51000e-01  1.00000e-03    1.00000e+00  0.00000e+00
 MINUIT WARNING IN PARAM DEF
 ============== PARAMETER LIMITS WERE REVERSED.
 PARAMETER DEFINITIONS:
    NO.   NAME         VALUE      STEP SIZE      LIMITS
    10 L4_alpha    -6.92000e-01  1.00000e-03   -1.00000e+00  0.00000e+00
OK 11111111113
OK 11111111114
 **********
 **    3 **MINI
 **********
Loglike: -3132.99
0.586 1.121 -0.3756 0.012 0.3756 -0.012 0.692 -0.751 0.751 -0.692 
Loglike: -3140.1
0.561074 1.22161 -0.379797 0.0604186 0.368061 -0.000988488 0.681847 -0.75054 0.748723 -0.698953 
 MIGRAD MINIMIZATION HAS CONVERGED.
 MIGRAD WILL VERIFY CONVERGENCE AND ERROR MATRIX.
Loglike: -3140.11
0.561262 1.22646 -0.380248 0.0589873 0.368554 -0.00179485 0.68203 -0.751182 0.748236 -0.699539 
 FCN=-3140.11 FROM MIGRAD    STATUS=CONVERGED     237 CALLS         238 TOTAL
                     EDM=4.71718e-06    STRATEGY= 1      ERROR MATRIX ACCURATE 
  EXT PARAMETER                                   STEP         FIRST   
  NO.   NAME      VALUE            ERROR          SIZE      DERIVATIVE 
   1  alpha_jpsi   5.61262e-01   1.59702e-02   6.86080e-04  -2.56216e-02
   2  dphi_jpsi    1.22452e+00   5.50326e-02   6.69593e-04  -3.79092e-02
   3  xi_alpha    -3.80248e-01   9.40326e-03   7.10911e-04   5.86591e-03
   4  xi_phi       5.89873e-02   2.68503e-02   3.30517e-04  -3.65770e-02
   5  xib_alpha    3.68209e-01   9.38734e-03   7.15050e-04  -4.99417e-02
   6  xib_phi     -1.79485e-03   2.62162e-02   3.22252e-04  -3.18802e-03
   7  L1_alpha     6.82030e-01   1.85778e-02   1.36919e-03   1.74098e-02
   8  L2_alpha    -7.51182e-01   1.88456e-02   1.47872e-03  -2.27860e-02
   9  L3_alpha     7.48236e-01   1.87598e-02   1.48133e-03  -1.54653e-02
  10  L4_alpha    -6.99539e-01   1.89043e-02   1.42847e-03  -9.62879e-03
                               ERR DEF= 0.5
OK 11111111115
 **********
 **    4 **MINOS
 **********
Loglike: -3139.61
0.545292 1.20429 -0.38047 0.0588491 0.367944 -0.00122971 0.683342 -0.752727 0.750051 -0.701664 
Loglike: -3139.57
0.555347 1.16949 -0.38004 0.0586658 0.367967 -0.000870328 0.683314 -0.753567 0.750748 -0.701343 
Loglike: -3139.61
0.561051 1.22329 -0.370845 0.0589669 0.368488 -0.00157755 0.686289 -0.750854 0.752314 -0.698652 
Loglike: -3139.61
0.56119 1.22396 -0.38028 0.032137 0.36813 -0.00261097 0.681864 -0.751454 0.747863 -0.699679 
Loglike: -3139.61
0.560915 1.22471 -0.379826 0.0598349 0.368226 0.0244213 0.681948 -0.750568 0.748292 -0.700052 
Loglike: -3139.61
0.560114 1.2206 -0.378002 0.0590592 0.368623 -0.00189699 0.700608 -0.743781 0.749454 -0.699275 
Loglike: -3139.61
0.559942 1.21754 -0.380692 0.0585412 0.365734 -0.00264856 0.674801 -0.770028 0.74897 -0.700679 
Loglike: -3139.61
0.56365 1.22977 -0.379836 0.059262 0.369834 -0.00250624 0.682277 -0.750045 0.755172 -0.680635 
 FCN=-3140.11 FROM MINOS     STATUS=SUCCESSFUL    837 CALLS        1075 TOTAL
                     EDM=4.71718e-06    STRATEGY= 1      ERROR MATRIX ACCURATE 
  EXT PARAMETER                  PARABOLIC         MINOS ERRORS        
  NO.   NAME      VALUE            ERROR      NEGATIVE      POSITIVE   
   1  alpha_jpsi   5.61262e-01   1.59702e-02  -1.60092e-02   1.59338e-02
   2  dphi_jpsi    1.22452e+00   5.50326e-02  -5.33530e-02   5.68557e-02
   3  xi_alpha    -3.80248e-01   9.40326e-03  -9.41406e-03   9.39447e-03
   4  xi_phi       5.89873e-02   2.68503e-02  -2.68482e-02   2.68578e-02
   5  xib_alpha    3.68209e-01   9.38734e-03  -9.36609e-03   9.40916e-03
   6  xib_phi     -1.79485e-03   2.62162e-02  -2.62120e-02   2.62258e-02
   7  L1_alpha     6.82030e-01   1.85778e-02  -1.85414e-02   1.86231e-02
   8  L2_alpha    -7.51182e-01   1.88456e-02  -1.88791e-02   1.88240e-02
   9  L3_alpha     7.48236e-01   1.87598e-02  -1.87143e-02   1.88205e-02
  10  L4_alpha    -6.99539e-01   1.89043e-02  -1.89256e-02   1.88962e-02
                               ERR DEF= 0.5
OK 11111111115
 EXTERNAL ERROR MATRIX.    NDIM=  25    NPAR= 10    ERR DEF=0.5
  2.551e-04  3.248e-04 -1.993e-06  2.108e-06  4.350e-06 -9.104e-06 -2.155e-05  2.487e-05 -2.886e-05  3.443e-05 
  3.248e-04  3.029e-03 -1.146e-05  1.769e-05  1.332e-05  4.879e-06 -7.072e-05  1.315e-04 -1.385e-04  9.936e-05 
 -1.993e-06 -1.146e-05  8.843e-05 -3.200e-07  2.460e-06  2.020e-06  4.041e-05  8.369e-06  3.867e-05  7.787e-06 
  2.108e-06  1.769e-05 -3.200e-07  7.210e-04  2.437e-06  2.222e-05  9.764e-07  8.409e-06  7.411e-06  5.195e-06 
  4.350e-06  1.332e-05  2.460e-06  2.437e-06  8.813e-05  4.511e-07  1.451e-05  4.670e-05  2.304e-06  3.071e-05 
 -9.104e-06  4.879e-06  2.020e-06  2.222e-05  4.511e-07  6.873e-04 -2.136e-06  1.609e-05  1.492e-06 -1.345e-05 
 -2.155e-05 -7.072e-05  4.041e-05  9.764e-07  1.451e-05 -2.136e-06  3.453e-04  1.359e-04  2.173e-05  4.673e-06 
  2.487e-05  1.315e-04  8.369e-06  8.409e-06  4.670e-05  1.609e-05  1.359e-04  3.554e-04 -1.740e-06  2.149e-05 
 -2.886e-05 -1.385e-04  3.867e-05  7.411e-06  2.304e-06  1.492e-06  2.173e-05 -1.740e-06  3.521e-04  1.318e-04 
  3.443e-05  9.936e-05  7.787e-06  5.195e-06  3.071e-05 -1.345e-05  4.673e-06  2.149e-05  1.318e-04  3.576e-04 
 PARAMETER  CORRELATION COEFFICIENTS  
       NO.  GLOBAL      1      2      3      4      5      6      7      8      9     10
        1  0.39488   1.000  0.369 -0.013  0.005  0.029 -0.022 -0.073  0.083 -0.096  0.114
        2  0.41529   0.369  1.000 -0.022  0.012  0.026  0.003 -0.069  0.127 -0.134  0.095
        3  0.31742  -0.013 -0.022  1.000 -0.001  0.028  0.008  0.231  0.047  0.219  0.044
        4  0.04094   0.005  0.012 -0.001  1.000  0.010  0.032  0.002  0.017  0.015  0.010
        5  0.31422   0.029  0.026  0.028  0.010  1.000  0.002  0.083  0.264  0.013  0.173
        6  0.06460  -0.022  0.003  0.008  0.032  0.002  1.000 -0.004  0.033  0.003 -0.027
        7  0.46244  -0.073 -0.069  0.231  0.002  0.083 -0.004  1.000  0.388  0.062  0.013
        8  0.48181   0.083  0.127  0.047  0.017  0.264  0.033  0.388  1.000 -0.005  0.060
        9  0.46497  -0.096 -0.134  0.219  0.015  0.013  0.003  0.062 -0.005  1.000  0.371
       10  0.44628   0.114  0.095  0.044  0.010  0.173 -0.027  0.013  0.060  0.371  1.000
OK 11111111115
out.txt
N[0][0] : 4550
N[0][1] : 23064
N[0][2] : 121242
N[0][3] : 4163
N[0][4] : 18014
N[0][5] : 115552
N[1][0] : 24527
N[1][1] : 124448
N[1][2] : 651275
N[1][3] : 22369
N[1][4] : 96898
N[1][5] : 616351
OK 11111111113
OK
OK 11111111111
OK 11111111111
 **********
 **    1 **SET PRINT           0
 **********
 **********
 **    2 **SET ERR         0.5
 **********
 PARAMETER DEFINITIONS:
    NO.   NAME         VALUE      STEP SIZE      LIMITS
     1 alpha_jpsi   5.86000e-01  1.00000e-03   -1.00000e+00  1.00000e+00
     2 dphi_jpsi    1.12100e+00  1.00000e-03   -3.14159e+00  3.14159e+00
OK 11111111111
     3 xi_alpha    -3.75600e-01  1.00000e-03   -1.00000e+00  0.00000e+00
     4 xi_phi       1.20000e-02  1.00000e-03   -3.14159e+00  3.14159e+00
     5 xib_alpha    3.75600e-01  1.00000e-03    0.00000e+00  1.00000e+00
     6 xib_phi     -1.20000e-02  1.00000e-03   -3.14159e+00  3.14159e+00
     7 L1_alpha     6.92000e-01  1.00000e-03    0.00000e+00  1.00000e+00
     8 L2_alpha    -7.51000e-01  1.00000e-03   -1.00000e+00  0.00000e+00
     9 L3_alpha     7.51000e-01  1.00000e-03    1.00000e+00  0.00000e+00
 MINUIT WARNING IN PARAM DEF
 ============== PARAMETER LIMITS WERE REVERSED.
 PARAMETER DEFINITIONS:
    NO.   NAME         VALUE      STEP SIZE      LIMITS
    10 L4_alpha    -6.92000e-01  1.00000e-03   -1.00000e+00  0.00000e+00
OK 11111111113
OK 11111111114
 **********
 **    3 **MINI
 **********
Loglike: -2995.1
0.586 1.121 -0.3756 0.012 0.3756 -0.012 0.692038 -0.751 0.751 -0.692 
Loglike: -2997.95
0.588552 1.15021 -0.363625 0.00529992 0.372017 -0.0105386 0.699421 -0.756289 0.724538 -0.718859 
 MIGRAD MINIMIZATION HAS CONVERGED.
 MIGRAD WILL VERIFY CONVERGENCE AND ERROR MATRIX.
Loglike: -2997.95
0.588557 1.14991 -0.363307 0.0052679 0.372372 -0.010559 0.699057 -0.756414 0.725129 -0.718897 
 FCN=-2997.95 FROM MIGRAD    STATUS=CONVERGED     261 CALLS         262 TOTAL
                     EDM=1.05991e-06    STRATEGY= 1      ERROR MATRIX ACCURATE 
  EXT PARAMETER                                   STEP         FIRST   
  NO.   NAME      VALUE            ERROR          SIZE      DERIVATIVE 
   1  alpha_jpsi   5.88557e-01   1.66809e-02   6.96040e-04   3.75852e-02
   2  dphi_jpsi    1.14991e+00   5.74725e-02   6.52993e-04  -1.13304e-02
   3  xi_alpha    -3.63648e-01   9.36509e-03   7.07593e-04  -6.39069e-03
   4  xi_phi       5.26790e-03   2.56473e-02   3.08227e-04  -5.28775e-03
   5  xib_alpha    3.72039e-01   9.28576e-03   6.88597e-04   1.61970e-02
   6  xib_phi     -1.05590e-02   2.58745e-02   3.10337e-04  -9.12772e-03
   7  L1_alpha     6.99057e-01   1.84128e-02   1.35538e-03   5.50640e-03
   8  L2_alpha    -7.56414e-01   1.86407e-02   1.43479e-03  -3.20601e-03
   9  L3_alpha     7.25129e-01   1.90875e-02   1.43406e-03  -7.82341e-03
  10  L4_alpha    -7.18897e-01   1.93049e-02   1.43793e-03   1.28984e-02
                               ERR DEF= 0.5
OK 11111111115
 **********
 **    4 **MINOS
 **********
Loglike: -2997.46
0.571876 1.12379 -0.363793 0.0055984 0.371745 -0.0112409 0.70041 -0.758373 0.726811 -0.721244 
Loglike: -2997.41
0.581312 1.09244 -0.363694 0.0050978 0.371921 -0.0109397 0.700555 -0.759335 0.72758 -0.7211 
Loglike: -2997.45
0.588787 1.15012 -0.354283 0.00520321 0.372107 -0.0109171 0.701719 -0.756019 0.728738 -0.71832 
Loglike: -2997.45
0.588772 1.14953 -0.363621 -0.0203794 0.371999 -0.0117753 0.69911 -0.756748 0.72527 -0.718092 
Loglike: -2997.45
0.588995 1.15266 -0.363778 0.00647353 0.372049 0.0153155 0.698591 -0.755904 0.725477 -0.719337 
Loglike: -2997.46
0.587277 1.14503 -0.361873 0.0042423 0.372461 -0.0112025 0.71747 -0.749243 0.7261 -0.718862 
Loglike: -2997.46
0.586806 1.14089 -0.363828 0.00480852 0.369736 -0.0112668 0.692649 -0.775055 0.725296 -0.720222 
Loglike: -2997.45
0.590002 1.15706 -0.365369 0.00544851 0.37169 -0.011045 0.698185 -0.756281 0.706042 -0.726783 
 FCN=-2997.95 FROM MINOS     STATUS=SUCCESSFUL    840 CALLS        1102 TOTAL
                     EDM=1.05991e-06    STRATEGY= 1      ERROR MATRIX ACCURATE 
  EXT PARAMETER                  PARABOLIC         MINOS ERRORS        
  NO.   NAME      VALUE            ERROR      NEGATIVE      POSITIVE   
   1  alpha_jpsi   5.88557e-01   1.66809e-02  -1.67338e-02   1.66273e-02
   2  dphi_jpsi    1.14991e+00   5.74725e-02  -5.52975e-02   5.99523e-02
   3  xi_alpha    -3.63648e-01   9.36509e-03  -9.37380e-03   9.35852e-03
   4  xi_phi       5.26790e-03   2.56473e-02  -2.56431e-02   2.56563e-02
   5  xib_alpha    3.72039e-01   9.28576e-03  -9.28004e-03   9.29200e-03
   6  xib_phi     -1.05590e-02   2.58745e-02  -2.58770e-02   2.58767e-02
   7  L1_alpha     6.99057e-01   1.84128e-02  -1.83780e-02   1.84570e-02
   8  L2_alpha    -7.56414e-01   1.86407e-02  -1.87058e-02   1.85899e-02
   9  L3_alpha     7.25129e-01   1.90875e-02  -1.90440e-02   1.91447e-02
  10  L4_alpha    -7.18897e-01   1.93049e-02  -1.93713e-02   1.92540e-02
                               ERR DEF= 0.5
OK 11111111115
 EXTERNAL ERROR MATRIX.    NDIM=  25    NPAR= 10    ERR DEF=0.5
  2.783e-04  4.151e-04  2.441e-06 -5.513e-06  4.773e-06  1.134e-05 -2.319e-05  3.263e-05 -2.824e-05  3.939e-05 
  4.151e-04  3.304e-03  2.636e-06  9.777e-06  2.592e-05  2.188e-05 -8.614e-05  1.682e-04 -1.411e-04  1.268e-04 
  2.441e-06  2.636e-06  8.772e-05 -6.973e-07  6.208e-07 -3.361e-06  3.130e-05  3.360e-06  3.429e-05  5.161e-06 
 -5.513e-06  9.777e-06 -6.973e-07  6.578e-04  1.021e-06  3.120e-05 -1.345e-06  8.566e-06 -3.608e-06 -4.055e-06 
  4.773e-06  2.592e-05  6.208e-07  1.021e-06  8.624e-05  2.675e-07  8.523e-06  4.297e-05  5.706e-06  3.675e-05 
  1.134e-05  2.188e-05 -3.361e-06  3.120e-05  2.675e-07  6.695e-04 -1.207e-05  1.320e-05  9.009e-06 -1.140e-05 
 -2.319e-05 -8.614e-05  3.130e-05 -1.345e-06  8.523e-06 -1.207e-05  3.392e-04  1.309e-04  1.718e-05  1.094e-06 
  3.263e-05  1.682e-04  3.360e-06  8.566e-06  4.297e-05  1.320e-05  1.309e-04  3.477e-04 -3.114e-06  2.473e-05 
 -2.824e-05 -1.411e-04  3.429e-05 -3.608e-06  5.706e-06  9.009e-06  1.718e-05 -3.114e-06  3.646e-04  1.393e-04 
  3.939e-05  1.268e-04  5.161e-06 -4.055e-06  3.675e-05 -1.140e-05  1.094e-06  2.473e-05  1.393e-04  3.729e-04 
 PARAMETER  CORRELATION COEFFICIENTS  
       NO.  GLOBAL      1      2      3      4      5      6      7      8      9     10
        1  0.45187   1.000  0.433  0.016 -0.013  0.031  0.026 -0.075  0.105 -0.089  0.122
        2  0.47802   0.433  1.000  0.005  0.007  0.049  0.015 -0.081  0.157 -0.129  0.114
        3  0.27596   0.016  0.005  1.000 -0.003  0.007 -0.014  0.181  0.019  0.192  0.029
        4  0.05516  -0.013  0.007 -0.003  1.000  0.004  0.047 -0.003  0.018 -0.007 -0.008
        5  0.31866   0.031  0.049  0.007  0.004  1.000  0.001  0.050  0.248  0.032  0.205
        6  0.08414   0.026  0.015 -0.014  0.047  0.001  1.000 -0.025  0.027  0.018 -0.023
        7  0.45091  -0.075 -0.081  0.181 -0.003  0.050 -0.025  1.000  0.381  0.049  0.003
        8  0.48652   0.105  0.157  0.019  0.018  0.248  0.027  0.381  1.000 -0.009  0.069
        9  0.46213  -0.089 -0.129  0.192 -0.007  0.032  0.018  0.049 -0.009  1.000  0.378
       10  0.46511   0.122  0.114  0.029 -0.008  0.205 -0.023  0.003  0.069  0.378  1.000
OK 11111111115
out.txt
N[0][0] : 4550
N[0][1] : 23064
N[0][2] : 121242
N[0][3] : 4163
N[0][4] : 18014
N[0][5] : 115552
N[1][0] : 24527
N[1][1] : 124448
N[1][2] : 651275
N[1][3] : 22369
N[1][4] : 96898
N[1][5] : 616351
OK 11111111113
OK
OK 11111111111
OK 11111111111
 **********
 **    1 **SET PRINT           0
 **********
 **********
 **    2 **SET ERR         0.5
 **********
 PARAMETER DEFINITIONS:
    NO.   NAME         VALUE      STEP SIZE      LIMITS
     1 alpha_jpsi   5.86000e-01  1.00000e-03   -1.00000e+00  1.00000e+00
     2 dphi_jpsi    1.12100e+00  1.00000e-03   -3.14159e+00  3.14159e+00
OK 11111111111
     3 xi_alpha    -3.75600e-01  1.00000e-03   -1.00000e+00  0.00000e+00
     4 xi_phi       1.20000e-02  1.00000e-03   -3.14159e+00  3.14159e+00
     5 xib_alpha    3.75600e-01  1.00000e-03    0.00000e+00  1.00000e+00
     6 xib_phi     -1.20000e-02  1.00000e-03   -3.14159e+00  3.14159e+00
     7 L1_alpha     6.92000e-01  1.00000e-03    0.00000e+00  1.00000e+00
     8 L2_alpha    -7.51000e-01  1.00000e-03   -1.00000e+00  0.00000e+00
     9 L3_alpha     7.51000e-01  1.00000e-03    1.00000e+00  0.00000e+00
 MINUIT WARNING IN PARAM DEF
 ============== PARAMETER LIMITS WERE REVERSED.
 PARAMETER DEFINITIONS:
    NO.   NAME         VALUE      STEP SIZE      LIMITS
    10 L4_alpha    -6.92000e-01  1.00000e-03   -1.00000e+00  0.00000e+00
OK 11111111113
OK 11111111114
 **********
 **    3 **MINI
 **********
Loglike: -3093.16
0.586 1.121 -0.3756 0.012 0.3756 -0.0116159 0.692 -0.751 0.751 -0.692 
Loglike: -3105.36
0.591192 1.21291 -0.368329 -0.059407 0.39231 -0.0890757 0.685041 -0.74808 0.723856 -0.695131 
 MIGRAD MINIMIZATION HAS CONVERGED.
 MIGRAD WILL VERIFY CONVERGENCE AND ERROR MATRIX.
Loglike: -3105.36
0.591428 1.21524 -0.368199 -0.0595306 0.392688 -0.0891542 0.684758 -0.748071 0.723496 -0.694946 
 FCN=-3105.36 FROM MIGRAD    STATUS=CONVERGED     260 CALLS         261 TOTAL
                     EDM=4.46261e-06    STRATEGY= 1      ERROR MATRIX ACCURATE 
  EXT PARAMETER                                   STEP         FIRST   
  NO.   NAME      VALUE            ERROR          SIZE      DERIVATIVE 
   1  alpha_jpsi   5.91428e-01   1.63882e-02   7.08838e-04   6.80527e-02
   2  dphi_jpsi    1.21319e+00   5.93654e-02   7.05393e-04  -5.53631e-02
   3  xi_alpha    -3.68199e-01   9.44800e-03   7.20630e-04   3.24588e-02
   4  xi_phi      -5.95306e-02   2.64506e-02   3.23568e-04  -3.90376e-02
   5  xib_alpha    3.92346e-01   9.37416e-03   7.00781e-04  -2.59442e-03
   6  xib_phi     -8.91542e-02   2.67494e-02   3.27254e-04  -2.90543e-02
   7  L1_alpha     6.84758e-01   1.84041e-02   1.36470e-03   3.27676e-03
   8  L2_alpha    -7.48071e-01   1.84044e-02   1.44030e-03  -1.31250e-02
   9  L3_alpha     7.23496e-01   1.86341e-02   1.43917e-03  -2.91041e-02
  10  L4_alpha    -6.94946e-01   1.86515e-02   1.40722e-03  -1.11128e-02
                               ERR DEF= 0.5
OK 11111111115
 **********
 **    4 **MINOS
 **********
Loglike: -3104.86
0.607733 1.23726 -0.368723 -0.0592047 0.392616 -0.0894498 0.68286 -0.746281 0.721803 -0.693278 
Loglike: -3104.9
0.598016 1.27256 -0.368339 -0.0599283 0.392346 -0.0898229 0.683064 -0.745565 0.721194 -0.693017 
Loglike: -3104.82
0.584499 1.15383 -0.368061 -0.0591002 0.391991 -0.0884766 0.686509 -0.750059 0.725928 -0.696953 
Loglike: -3104.87
0.591732 1.21407 -0.377647 -0.0593563 0.392268 -0.089919 0.681375 -0.748235 0.719323 -0.696354 
Loglike: -3104.87
0.591902 1.21332 -0.36812 -0.0592175 0.40172 -0.0892321 0.685689 -0.743626 0.723801 -0.691056 
Loglike: -3104.86
0.591212 1.21177 -0.367933 -0.0584807 0.392703 -0.0624047 0.685156 -0.747822 0.723801 -0.694861 
Loglike: -3104.86
0.593112 1.21865 -0.369933 -0.058882 0.391871 -0.0897774 0.666354 -0.755461 0.722454 -0.695054 
Loglike: -3104.87
0.589907 1.20587 -0.36609 -0.0594862 0.392499 -0.0887013 0.685786 -0.748286 0.74213 -0.68848 
Loglike: -3104.86
0.592852 1.21918 -0.367441 -0.0597749 0.394223 -0.0892084 0.684869 -0.746912 0.729866 -0.676295 
 FCN=-3105.36 FROM MINOS     STATUS=SUCCESSFUL    914 CALLS        1175 TOTAL
                     EDM=4.46261e-06    STRATEGY= 1      ERROR MATRIX ACCURATE 
  EXT PARAMETER                  PARABOLIC         MINOS ERRORS        
  NO.   NAME      VALUE            ERROR      NEGATIVE      POSITIVE   
   1  alpha_jpsi   5.91428e-01   1.63882e-02  -1.64737e-02   1.63055e-02
   2  dphi_jpsi    1.21319e+00   5.93654e-02  -5.72391e-02   6.17330e-02
   3  xi_alpha    -3.68199e-01   9.44800e-03  -9.46149e-03   9.43656e-03
   4  xi_phi      -5.95306e-02   2.64506e-02  -2.64375e-02   2.64686e-02
   5  xib_alpha    3.92346e-01   9.37416e-03  -9.36311e-03   9.38592e-03
   6  xib_phi     -8.91542e-02   2.67494e-02  -2.67515e-02   2.67531e-02
   7  L1_alpha     6.84758e-01   1.84041e-02  -1.83699e-02   1.84472e-02
   8  L2_alpha    -7.48071e-01   1.84044e-02  -1.84492e-02   1.83725e-02
   9  L3_alpha     7.23496e-01   1.86341e-02  -1.85798e-02   1.87023e-02
  10  L4_alpha    -6.94946e-01   1.86515e-02  -1.86751e-02   1.86405e-02
                               ERR DEF= 0.5
OK 11111111115
 EXTERNAL ERROR MATRIX.    NDIM=  25    NPAR= 10    ERR DEF=0.5
  2.686e-04  3.923e-04 -2.875e-06  5.099e-06  4.453e-06 -5.020e-06 -3.104e-05  2.934e-05 -2.832e-05  2.714e-05 
  3.923e-04  3.525e-03 -8.294e-06 -2.361e-05  2.035e-05 -3.970e-05 -1.005e-04  1.485e-04 -1.365e-04  1.144e-04 
 -2.875e-06 -8.294e-06  8.928e-05 -1.647e-06  7.380e-07  7.227e-06  3.191e-05  1.552e-06  3.933e-05  7.203e-06 
  5.099e-06 -2.361e-05 -1.647e-06  6.997e-04  2.935e-06  2.800e-05 -1.194e-05 -1.943e-06  8.273e-07 -4.542e-06 
  4.453e-06  2.035e-05  7.380e-07  2.935e-06  8.789e-05 -7.304e-07  8.738e-06  4.155e-05  2.858e-06  3.640e-05 
 -5.020e-06 -3.970e-05  7.227e-06  2.800e-05 -7.304e-07  7.155e-04  1.147e-05  3.719e-06  8.441e-06 -1.059e-06 
 -3.104e-05 -1.005e-04  3.191e-05 -1.194e-05  8.738e-06  1.147e-05  3.389e-04  1.254e-04  1.917e-05  1.976e-06 
  2.934e-05  1.485e-04  1.552e-06 -1.943e-06  4.155e-05  3.719e-06  1.254e-04  3.389e-04 -4.014e-06  2.226e-05 
 -2.832e-05 -1.365e-04  3.933e-05  8.273e-07  2.858e-06  8.441e-06  1.917e-05 -4.014e-06  3.474e-04  1.202e-04 
  2.714e-05  1.144e-04  7.203e-06 -4.542e-06  3.640e-05 -1.059e-06  1.976e-06  2.226e-05  1.202e-04  3.481e-04 
 PARAMETER  CORRELATION COEFFICIENTS  
       NO.  GLOBAL      1      2      3      4      5      6      7      8      9     10
        1  0.42273   1.000  0.403 -0.019  0.012  0.029 -0.011 -0.103  0.097 -0.093  0.089
        2  0.44646   0.403  1.000 -0.015 -0.015  0.037 -0.025 -0.092  0.136 -0.123  0.103
        3  0.29382  -0.019 -0.015  1.000 -0.007  0.008  0.029  0.183  0.009  0.223  0.041
        4  0.05630   0.012 -0.015 -0.007  1.000  0.012  0.040 -0.025 -0.004  0.002 -0.009
        5  0.31690   0.029  0.037  0.008  0.012  1.000 -0.003  0.051  0.241  0.016  0.208
        6  0.05816  -0.011 -0.025  0.029  0.040 -0.003  1.000  0.023  0.008  0.017 -0.002
        7  0.44613  -0.103 -0.092  0.183 -0.025  0.051  0.023  1.000  0.370  0.056  0.006
        8  0.47009   0.097  0.136  0.009 -0.004  0.241  0.008  0.370  1.000 -0.012  0.065
        9  0.44103  -0.093 -0.123  0.223  0.002  0.016  0.017  0.056 -0.012  1.000  0.346
       10  0.43110   0.089  0.103  0.041 -0.009  0.208 -0.002  0.006  0.065  0.346  1.000
OK 11111111115
out.txt
N[0][0] : 4550
N[0][1] : 23064
N[0][2] : 121242
N[0][3] : 4163
N[0][4] : 18014
N[0][5] : 115552
N[1][0] : 24527
N[1][1] : 124448
N[1][2] : 651275
N[1][3] : 22369
N[1][4] : 96898
N[1][5] : 616351
OK 11111111113
OK
OK 11111111111
OK 11111111111
 **********
 **    1 **SET PRINT           0
 **********
 **********
 **    2 **SET ERR         0.5
 **********
 PARAMETER DEFINITIONS:
    NO.   NAME         VALUE      STEP SIZE      LIMITS
     1 alpha_jpsi   5.86000e-01  1.00000e-03   -1.00000e+00  1.00000e+00
     2 dphi_jpsi    1.12100e+00  1.00000e-03   -3.14159e+00  3.14159e+00
OK 11111111111
     3 xi_alpha    -3.75600e-01  1.00000e-03   -1.00000e+00  0.00000e+00
     4 xi_phi       1.20000e-02  1.00000e-03   -3.14159e+00  3.14159e+00
     5 xib_alpha    3.75600e-01  1.00000e-03    0.00000e+00  1.00000e+00
     6 xib_phi     -1.20000e-02  1.00000e-03   -3.14159e+00  3.14159e+00
     7 L1_alpha     6.92000e-01  1.00000e-03    0.00000e+00  1.00000e+00
     8 L2_alpha    -7.51000e-01  1.00000e-03   -1.00000e+00  0.00000e+00
     9 L3_alpha     7.51000e-01  1.00000e-03    1.00000e+00  0.00000e+00
 MINUIT WARNING IN PARAM DEF
 ============== PARAMETER LIMITS WERE REVERSED.
 PARAMETER DEFINITIONS:
    NO.   NAME         VALUE      STEP SIZE      LIMITS
    10 L4_alpha    -6.92000e-01  1.00000e-03   -1.00000e+00  0.00000e+00
OK 11111111113
OK 11111111114
 **********
 **    3 **MINI
 **********
Loglike: -2948.53
0.599648 1.10835 -0.367861 0.0545458 0.367678 -0.00471782 0.68547 -0.727538 0.742632 -0.693331 
Loglike: -2949.24
0.608149 1.14942 -0.366831 0.0649157 0.369174 -0.00421173 0.696451 -0.722102 0.740586 -0.697951 
 MIGRAD MINIMIZATION HAS CONVERGED.
 MIGRAD WILL VERIFY CONVERGENCE AND ERROR MATRIX.
Loglike: -2949.24
0.60815 1.14965 -0.366811 0.0649215 0.369166 -0.00320069 0.696398 -0.722097 0.741277 -0.698549 
 FCN=-2949.24 FROM MIGRAD    STATUS=CONVERGED     259 CALLS         260 TOTAL
                     EDM=4.86039e-06    STRATEGY= 1      ERROR MATRIX ACCURATE 
  EXT PARAMETER                                   STEP         FIRST   
  NO.   NAME      VALUE            ERROR          SIZE      DERIVATIVE 
   1  alpha_jpsi   6.08150e-01   1.65709e-02   7.03432e-04  -8.23590e-02
   2  dphi_jpsi    1.14965e+00   5.66155e-02   6.44158e-04   1.88199e-02
   3  xi_alpha    -3.66811e-01   9.47017e-03   6.97333e-04  -3.30065e-02
   4  xi_phi       6.49215e-02   2.62747e-02   3.13616e-04   4.35864e-02
   5  xib_alpha    3.69166e-01   9.45198e-03   6.97656e-04   1.76632e-02
   6  xib_phi     -4.20582e-03   2.68159e-02   3.19942e-04   1.16399e-02
   7  L1_alpha     6.96398e-01   1.90543e-02   1.37703e-03  -1.70118e-02
   8  L2_alpha    -7.22097e-01   1.87239e-02   1.38048e-03   2.70226e-02
   9  L3_alpha     7.40651e-01   1.91122e-02   1.43024e-03  -1.08811e-02
  10  L4_alpha    -6.98549e-01   1.90551e-02   1.37855e-03  -1.09144e-02
                               ERR DEF= 0.5
OK 11111111115
 **********
 **    4 **MINOS
 **********
Loglike: -2948.77
0.61512 1.20626 -0.367045 0.0652323 0.369417 -0.00576268 0.69414 -0.719882 0.738499 -0.696696 
Loglike: -2948.7
0.600964 1.09303 -0.366569 0.0645702 0.368892 -0.00364775 0.698707 -0.724428 0.743509 -0.700446 
Loglike: -2948.74
0.60928 1.15096 -0.376281 0.0645649 0.368847 -0.00413542 0.692261 -0.722918 0.735908 -0.699738 
Loglike: -2948.74
0.608463 1.15115 -0.366827 0.0649898 0.378618 -0.00431859 0.697509 -0.717464 0.741477 -0.694793 
Loglike: -2948.74
0.607679 1.14848 -0.366829 0.0650339 0.36916 0.0226101 0.696871 -0.722185 0.740851 -0.69833 
Loglike: -2948.74
0.609982 1.15634 -0.36885 0.0647712 0.368615 -0.00402393 0.677343 -0.729156 0.738687 -0.698749 
Loglike: -2948.74
0.606103 1.14328 -0.364471 0.0649398 0.369575 -0.00391151 0.697725 -0.721984 0.759763 -0.690889 
Loglike: -2948.74
0.60952 1.15496 -0.366142 0.0658173 0.370939 -0.0040646 0.696614 -0.720974 0.748246 -0.679494 
 FCN=-2949.24 FROM MINOS     STATUS=SUCCESSFUL    838 CALLS        1098 TOTAL
                     EDM=4.86039e-06    STRATEGY= 1      ERROR MATRIX ACCURATE 
  EXT PARAMETER                  PARABOLIC         MINOS ERRORS        
  NO.   NAME      VALUE            ERROR      NEGATIVE      POSITIVE   
   1  alpha_jpsi   6.08150e-01   1.65709e-02  -1.66094e-02   1.65312e-02
   2  dphi_jpsi    1.14965e+00   5.66155e-02  -5.47183e-02   5.87213e-02
   3  xi_alpha    -3.66811e-01   9.47017e-03  -9.47276e-03   9.46947e-03
   4  xi_phi       6.49215e-02   2.62747e-02  -2.62860e-02   2.62683e-02
   5  xib_alpha    3.69166e-01   9.45198e-03  -9.44762e-03   9.45706e-03
   6  xib_phi     -4.20582e-03   2.68159e-02  -2.68202e-02   2.68162e-02
   7  L1_alpha     6.96398e-01   1.90543e-02  -1.90043e-02   1.91163e-02
   8  L2_alpha    -7.22097e-01   1.87239e-02  -1.87993e-02   1.86628e-02
   9  L3_alpha     7.40651e-01   1.91122e-02  -1.90510e-02   1.91894e-02
  10  L4_alpha    -6.98549e-01   1.90551e-02  -1.90984e-02   1.90262e-02
                               ERR DEF= 0.5
OK 11111111115
 EXTERNAL ERROR MATRIX.    NDIM=  25    NPAR= 10    ERR DEF=0.5
  2.746e-04  3.960e-04 -5.428e-06 -7.243e-07  2.963e-06 -1.253e-05 -3.494e-05  2.792e-05 -2.845e-05  2.601e-05 
  3.960e-04  3.206e-03 -1.326e-05  1.760e-05  1.421e-05 -3.115e-05 -1.277e-04  1.252e-04 -1.217e-04  1.048e-04 
 -5.428e-06 -1.326e-05  8.970e-05  3.226e-06  3.027e-06 -6.553e-07  3.883e-05  8.157e-06  4.477e-05  1.192e-05 
 -7.243e-07  1.760e-05  3.226e-06  6.904e-04  6.458e-07  3.140e-06  2.865e-06  9.597e-06  3.501e-07 -1.541e-06 
  2.963e-06  1.421e-05  3.027e-06  6.458e-07  8.935e-05 -1.066e-06  1.051e-05  4.368e-05  7.815e-06  3.544e-05 
 -1.253e-05 -3.115e-05 -6.553e-07  3.140e-06 -1.066e-06  7.191e-04 -3.467e-06 -4.658e-06  5.627e-06  2.784e-06 
 -3.494e-05 -1.277e-04  3.883e-05  2.865e-06  1.051e-05 -3.467e-06  3.633e-04  1.351e-04  2.539e-05  3.818e-06 
  2.792e-05  1.252e-04  8.157e-06  9.597e-06  4.368e-05 -4.658e-06  1.351e-04  3.508e-04  2.156e-06  2.254e-05 
 -2.845e-05 -1.217e-04  4.477e-05  3.501e-07  7.815e-06  5.627e-06  2.539e-05  2.156e-06  3.655e-04  1.459e-04 
  2.601e-05  1.048e-04  1.192e-05 -1.541e-06  3.544e-05  2.784e-06  3.818e-06  2.254e-05  1.459e-04  3.633e-04 
 PARAMETER  CORRELATION COEFFICIENTS  
       NO.  GLOBAL      1      2      3      4      5      6      7      8      9     10
        1  0.43911   1.000  0.422 -0.035 -0.002  0.019 -0.028 -0.111  0.090 -0.090  0.082
        2  0.46117   0.422  1.000 -0.025  0.012  0.027 -0.021 -0.118  0.118 -0.112  0.097
        3  0.32364  -0.035 -0.025  1.000  0.013  0.034 -0.003  0.215  0.046  0.247  0.066
        4  0.02751  -0.002  0.012  0.013  1.000  0.003  0.004  0.006  0.020  0.001 -0.003
        5  0.31313   0.019  0.027  0.034  0.003  1.000 -0.004  0.058  0.247  0.043  0.197
        6  0.03400  -0.028 -0.021 -0.003  0.004 -0.004  1.000 -0.007 -0.009  0.011  0.005
        7  0.46416  -0.111 -0.118  0.215  0.006  0.058 -0.007  1.000  0.378  0.070  0.011
        8  0.47422   0.090  0.118  0.046  0.020  0.247 -0.009  0.378  1.000  0.006  0.063
        9  0.48533  -0.090 -0.112  0.247  0.001  0.043  0.011  0.070  0.006  1.000  0.400
       10  0.46582   0.082  0.097  0.066 -0.003  0.197  0.005  0.011  0.063  0.400  1.000
OK 11111111115
out.txt
N[0][0] : 4550
N[0][1] : 23064
N[0][2] : 121242
N[0][3] : 4163
N[0][4] : 18014
N[0][5] : 115552
N[1][0] : 24527
N[1][1] : 124448
N[1][2] : 651275
N[1][3] : 22369
N[1][4] : 96898
N[1][5] : 616351
OK 11111111113
OK
OK 11111111111
OK 11111111111
 **********
 **    1 **SET PRINT           0
 **********
 **********
 **    2 **SET ERR         0.5
 **********
 PARAMETER DEFINITIONS:
    NO.   NAME         VALUE      STEP SIZE      LIMITS
     1 alpha_jpsi   5.86000e-01  1.00000e-03   -1.00000e+00  1.00000e+00
     2 dphi_jpsi    1.12100e+00  1.00000e-03   -3.14159e+00  3.14159e+00
OK 11111111111
     3 xi_alpha    -3.75600e-01  1.00000e-03   -1.00000e+00  0.00000e+00
     4 xi_phi       1.20000e-02  1.00000e-03   -3.14159e+00  3.14159e+00
     5 xib_alpha    3.75600e-01  1.00000e-03    0.00000e+00  1.00000e+00
     6 xib_phi     -1.20000e-02  1.00000e-03   -3.14159e+00  3.14159e+00
     7 L1_alpha     6.92000e-01  1.00000e-03    0.00000e+00  1.00000e+00
     8 L2_alpha    -7.51000e-01  1.00000e-03   -1.00000e+00  0.00000e+00
     9 L3_alpha     7.51000e-01  1.00000e-03    1.00000e+00  0.00000e+00
 MINUIT WARNING IN PARAM DEF
 ============== PARAMETER LIMITS WERE REVERSED.
 PARAMETER DEFINITIONS:
    NO.   NAME         VALUE      STEP SIZE      LIMITS
    10 L4_alpha    -6.92000e-01  1.00000e-03   -1.00000e+00  0.00000e+00
OK 11111111113
OK 11111111114
 **********
 **    3 **MINI
 **********
Loglike: -3152.1
0.588717 1.17666 -0.383158 0.0644585 0.391152 0.00366361 0.703329 -0.763882 0.742295 -0.692785 
Loglike: -3152.92
0.598532 1.21344 -0.384918 0.0719234 0.392776 0.00749389 0.696538 -0.750319 0.731813 -0.691471 
 MIGRAD MINIMIZATION HAS CONVERGED.
 MIGRAD WILL VERIFY CONVERGENCE AND ERROR MATRIX.
Loglike: -3152.92
0.598541 1.21344 -0.384921 0.0719278 0.392775 0.00853649 0.696534 -0.750322 0.732456 -0.691461 
 FCN=-3152.92 FROM MIGRAD    STATUS=CONVERGED     261 CALLS         262 TOTAL
                     EDM=5.94025e-06    STRATEGY= 1      ERROR MATRIX ACCURATE 
  EXT PARAMETER                                   STEP         FIRST   
  NO.   NAME      VALUE            ERROR          SIZE      DERIVATIVE 
   1  alpha_jpsi   5.98541e-01   1.61181e-02   7.07031e-04   5.92055e-02
   2  dphi_jpsi    1.21344e+00   6.10344e-02   7.28057e-04  -2.14149e-02
   3  xi_alpha    -3.84921e-01   9.39220e-03   7.09255e-04   1.72783e-02
   4  xi_phi       7.19278e-02   2.60538e-02   3.21479e-04   8.44651e-02
   5  xib_alpha    3.92775e-01   9.33276e-03   7.03108e-04  -3.48770e-02
   6  xib_phi      7.49728e-03   2.68089e-02   3.30791e-04   2.81557e-02
   7  L1_alpha     6.96534e-01   1.81044e-02   1.36956e-03   4.26944e-02
   8  L2_alpha    -7.50322e-01   1.81224e-02   1.44595e-03   1.51449e-03
   9  L3_alpha     7.31816e-01   1.85647e-02   1.44560e-03  -8.39438e-03
  10  L4_alpha    -6.91461e-01   1.85437e-02   1.40064e-03  -1.93967e-02
                               ERR DEF= 0.5
OK 11111111115
 **********
 **    4 **MINOS
 **********
Loglike: -3152.43
0.582423 1.1884 -0.384717 0.0725283 0.392752 0.00729097 0.69796 -0.751543 0.733383 -0.692636 
Loglike: -3152.46
0.60478 1.27448 -0.385162 0.0712371 0.393023 0.00807084 0.694763 -0.747937 0.729075 -0.690107 
Loglike: -3152.42
0.591316 1.15479 -0.384687 0.0725674 0.392532 0.00687019 0.698302 -0.752896 0.734102 -0.692891 
Loglike: -3152.42
0.59817 1.21185 -0.384937 0.0979815 0.393114 0.00748547 0.69677 -0.750154 0.731713 -0.691628 
Loglike: -3152.42
0.598546 1.21501 -0.384758 0.0718991 0.402107 0.00755105 0.696779 -0.745624 0.732196 -0.688011 
Loglike: -3152.42
0.598417 1.21205 -0.384866 0.0719392 0.392752 -0.0193116 0.696552 -0.750206 0.731883 -0.690923 
Loglike: -3152.42
0.599627 1.2241 -0.384634 0.0721698 0.395183 0.00732514 0.702707 -0.7322 0.731727 -0.690375 
Loglike: -3152.42
0.59714 1.20577 -0.382779 0.0707676 0.392941 0.00738721 0.697746 -0.750446 0.750381 -0.68436 
Loglike: -3152.42
0.597519 1.20876 -0.385425 0.072162 0.391072 0.00734032 0.696955 -0.751383 0.724764 -0.710005 
 FCN=-3152.92 FROM MINOS     STATUS=SUCCESSFUL    913 CALLS        1175 TOTAL
                     EDM=5.94025e-06    STRATEGY= 1      ERROR MATRIX ACCURATE 
  EXT PARAMETER                  PARABOLIC         MINOS ERRORS        
  NO.   NAME      VALUE            ERROR      NEGATIVE      POSITIVE   
   1  alpha_jpsi   5.98541e-01   1.61181e-02  -1.62054e-02   1.60344e-02
   2  dphi_jpsi    1.21344e+00   6.10344e-02  -5.87405e-02   6.36080e-02
   3  xi_alpha    -3.84921e-01   9.39220e-03  -9.40746e-03   9.37902e-03
   4  xi_phi       7.19278e-02   2.60538e-02  -2.60745e-02   2.60389e-02
   5  xib_alpha    3.92775e-01   9.33276e-03  -9.31765e-03   9.34863e-03
   6  xib_phi      7.49728e-03   2.68089e-02  -2.68208e-02   2.68032e-02
   7  L1_alpha     6.96534e-01   1.81044e-02  -1.80998e-02   1.81175e-02
   8  L2_alpha    -7.50322e-01   1.81224e-02  -1.81761e-02   1.80813e-02
   9  L3_alpha     7.31816e-01   1.85647e-02  -1.85214e-02   1.86218e-02
  10  L4_alpha    -6.91461e-01   1.85437e-02  -1.85648e-02   1.85347e-02
                               ERR DEF= 0.5
OK 11111111115
 EXTERNAL ERROR MATRIX.    NDIM=  25    NPAR= 10    ERR DEF=0.5
  2.598e-04  4.030e-04 -3.280e-06 -9.680e-06  3.620e-07  3.326e-06 -3.310e-05  1.970e-05 -2.529e-05  1.895e-05 
  4.030e-04  3.726e-03 -1.486e-05 -4.146e-05  1.524e-05  3.746e-05 -1.109e-04  1.547e-04 -1.374e-04  8.687e-05 
 -3.280e-06 -1.486e-05  8.822e-05 -4.289e-07  1.604e-06 -1.470e-06  4.000e-05  5.185e-06  3.846e-05  9.358e-06 
 -9.680e-06 -4.146e-05 -4.289e-07  6.788e-04 -9.887e-08 -3.078e-07  6.138e-06  4.388e-06 -2.688e-06 -4.346e-06 
  3.620e-07  1.524e-05  1.604e-06 -9.887e-08  8.711e-05  6.133e-07  8.931e-06  4.363e-05  3.810e-06  3.160e-05 
  3.326e-06  3.746e-05 -1.470e-06 -3.078e-07  6.133e-07  7.187e-04 -4.623e-07 -3.121e-06 -1.812e-06  2.912e-06 
 -3.310e-05 -1.109e-04  4.000e-05  6.138e-06  8.931e-06 -4.623e-07  3.279e-04  1.122e-04  2.234e-05  3.880e-06 
  1.970e-05  1.547e-04  5.185e-06  4.388e-06  4.363e-05 -3.121e-06  1.122e-04  3.286e-04 -1.612e-06  1.969e-05 
 -2.529e-05 -1.374e-04  3.846e-05 -2.688e-06  3.810e-06 -1.812e-06  2.234e-05 -1.612e-06  3.449e-04  1.303e-04 
  1.895e-05  8.687e-05  9.358e-06 -4.346e-06  3.160e-05  2.912e-06  3.880e-06  1.969e-05  1.303e-04  3.441e-04 
 PARAMETER  CORRELATION COEFFICIENTS  
       NO.  GLOBAL      1      2      3      4      5      6      7      8      9     10
        1  0.42279   1.000  0.410 -0.022 -0.023  0.002  0.008 -0.113  0.067 -0.084  0.063
        2  0.45339   0.410  1.000 -0.026 -0.026  0.027  0.023 -0.100  0.140 -0.121  0.077
        3  0.31981  -0.022 -0.026  1.000 -0.002  0.018 -0.006  0.235  0.030  0.221  0.054
        4  0.03438  -0.023 -0.026 -0.002  1.000 -0.000 -0.000  0.013  0.009 -0.006 -0.009
        5  0.31590   0.002  0.027  0.018 -0.000  1.000  0.002  0.053  0.258  0.022  0.183
        6  0.02703   0.008  0.023 -0.006 -0.000  0.002  1.000 -0.001 -0.006 -0.004  0.006
        7  0.44284  -0.113 -0.100  0.235  0.013  0.053 -0.001  1.000  0.342  0.066  0.012
        8  0.45521   0.067  0.140  0.030  0.009  0.258 -0.006  0.342  1.000 -0.005  0.059
        9  0.45712  -0.084 -0.121  0.221 -0.006  0.022 -0.004  0.066 -0.005  1.000  0.378
       10  0.43721   0.063  0.077  0.054 -0.009  0.183  0.006  0.012  0.059  0.378  1.000
OK 11111111115
out.txt
N[0][0] : 4550
N[0][1] : 23064
N[0][2] : 121242
N[0][3] : 4163
N[0][4] : 18014
N[0][5] : 115552
N[1][0] : 24527
N[1][1] : 124448
N[1][2] : 651275
N[1][3] : 22369
N[1][4] : 96898
N[1][5] : 616351
OK 11111111113
OK
OK 11111111111
OK 11111111111
 **********
 **    1 **SET PRINT           0
 **********
 **********
 **    2 **SET ERR         0.5
 **********
 PARAMETER DEFINITIONS:
    NO.   NAME         VALUE      STEP SIZE      LIMITS
     1 alpha_jpsi   5.86000e-01  1.00000e-03   -1.00000e+00  1.00000e+00
     2 dphi_jpsi    1.12100e+00  1.00000e-03   -3.14159e+00  3.14159e+00
OK 11111111111
     3 xi_alpha    -3.75600e-01  1.00000e-03   -1.00000e+00  0.00000e+00
     4 xi_phi       1.20000e-02  1.00000e-03   -3.14159e+00  3.14159e+00
     5 xib_alpha    3.75600e-01  1.00000e-03    0.00000e+00  1.00000e+00
     6 xib_phi     -1.20000e-02  1.00000e-03   -3.14159e+00  3.14159e+00
     7 L1_alpha     6.92000e-01  1.00000e-03    0.00000e+00  1.00000e+00
     8 L2_alpha    -7.51000e-01  1.00000e-03   -1.00000e+00  0.00000e+00
     9 L3_alpha     7.51000e-01  1.00000e-03    1.00000e+00  0.00000e+00
 MINUIT WARNING IN PARAM DEF
 ============== PARAMETER LIMITS WERE REVERSED.
 PARAMETER DEFINITIONS:
    NO.   NAME         VALUE      STEP SIZE      LIMITS
    10 L4_alpha    -6.92000e-01  1.00000e-03   -1.00000e+00  0.00000e+00
OK 11111111113
OK 11111111114
 **********
 **    3 **MINI
 **********
Loglike: -2934.32
0.56909 1.07626 -0.384973 0.0876453 0.350999 0.049113 0.700785 -0.750998 0.745245 -0.721595 
Loglike: -2934.55
0.56615 1.06031 -0.385129 0.0829831 0.349395 0.0438839 0.6956 -0.754103 0.739205 -0.728497 
 MIGRAD MINIMIZATION HAS CONVERGED.
 MIGRAD WILL VERIFY CONVERGENCE AND ERROR MATRIX.
Loglike: -2934.55
0.565583 1.06192 -0.385129 0.0829831 0.349395 0.0438839 0.6956 -0.754103 0.739817 -0.728497 
 FCN=-2934.55 FROM MIGRAD    STATUS=CONVERGED     290 CALLS         291 TOTAL
                     EDM=4.98261e-07    STRATEGY= 1      ERROR MATRIX ACCURATE 
  EXT PARAMETER                                   STEP         FIRST   
  NO.   NAME      VALUE            ERROR          SIZE      DERIVATIVE 
   1  alpha_jpsi   5.65583e-01   1.67121e-02   6.86766e-04  -1.09339e-05
   2  dphi_jpsi    1.06031e+00   4.81880e-02   5.43139e-04  -1.49610e-02
   3  xi_alpha    -3.85129e-01   9.39542e-03   6.82468e-04  -1.45242e-02
   4  xi_phi       8.29831e-02   2.61043e-02   3.10162e-04   2.97572e-02
   5  xib_alpha    3.49395e-01   9.33251e-03   6.92515e-04   2.54710e-02
   6  xib_phi      4.38839e-02   2.55100e-02   3.02920e-04   1.29807e-02
   7  L1_alpha     6.95600e-01   1.86747e-02   1.34835e-03  -4.54487e-03
   8  L2_alpha    -7.54103e-01   1.93270e-02   1.46302e-03   3.45172e-03
   9  L3_alpha     7.39205e-01   1.87447e-02   1.39574e-03   1.58465e-03
