
[1mRooFit v3.60 -- Developed by Wouter Verkerke and David Kirkby[0m 
                Copyright (C) 2000-2013 NIKHEF, University of California & Stanford University
                All rights reserved, please read http://roofit.sourceforge.net/license.txt

option -a

option -d with value `v1'
option -b

option -i with value `2009'
option -d with value `2009'
/data/liul/workarea/XIXI/fit/boost/2009/xixipm/v1/mdiy/mdiy30x.root => 2009
/data/liul/workarea/XIXI/fit/boost/2009/xixipm/v1/phsp/phsp30x.root => 2009
/data/liul/workarea/XIXI/fit/boost/2009/xixipm/v1/bkg1/bkg30x.root => 2009
/data/liul/workarea/XIXI/fit/boost/2009/xixipp/v1/mdiy/mdiy30x.root => 2009
/data/liul/workarea/XIXI/fit/boost/2009/xixipp/v1/phsp/phsp30x.root => 2009
/data/liul/workarea/XIXI/fit/boost/2009/xixipp/v1/bkg1/bkg30x.root => 2009
/data/liul/workarea/XIXI/fit/boost/2012/xixipm/v1/mdiy/mdiy30x.root => 2012
/data/liul/workarea/XIXI/fit/boost/2012/xixipm/v1/phsp/phsp30x.root => 2012
/data/liul/workarea/XIXI/fit/boost/2012/xixipm/v1/bkg1/bkg30x.root => 2012
/data/liul/workarea/XIXI/fit/boost/2012/xixipp/v1/mdiy/mdiy30x.root => 2012
/data/liul/workarea/XIXI/fit/boost/2012/xixipp/v1/phsp/phsp30x.root => 2012
/data/liul/workarea/XIXI/fit/boost/2012/xixipp/v1/bkg1/bkg30x.root => 2012

0   0
0   /data/liul/workarea/XIXI/fit/boost/2009/xixipm/v1/mdiy/mdiy30x.root mdiy 2009  xixipm
Warning in <TClass::Init>: no dictionary for class ROOT::TIOFeatures is available
/data/liul/workarea/XIXI/fit/boost/2009/xixipm/v1/mdiy/mdiy30x.root
Finish
0   0
1   /data/liul/workarea/XIXI/fit/boost/2009/xixipm/v1/phsp/phsp30x.root phsp 2009  xixipm
/data/liul/workarea/XIXI/fit/boost/2009/xixipm/v1/phsp/phsp30x.root
Finish
0   0
2   /data/liul/workarea/XIXI/fit/boost/2009/xixipm/v1/bkg1/bkg30x.root bkg1 2009  xixipm
/data/liul/workarea/XIXI/fit/boost/2009/xixipm/v1/bkg1/bkg30x.root
Finish
0   1
3   /data/liul/workarea/XIXI/fit/boost/2009/xixipp/v1/mdiy/mdiy30x.root mdiy 2009  xixipp
/data/liul/workarea/XIXI/fit/boost/2009/xixipp/v1/mdiy/mdiy30x.root
Finish
0   1
4   /data/liul/workarea/XIXI/fit/boost/2009/xixipp/v1/phsp/phsp30x.root phsp 2009  xixipp
/data/liul/workarea/XIXI/fit/boost/2009/xixipp/v1/phsp/phsp30x.root
Finish
0   1
5   /data/liul/workarea/XIXI/fit/boost/2009/xixipp/v1/bkg1/bkg30x.root bkg1 2009  xixipp
/data/liul/workarea/XIXI/fit/boost/2009/xixipp/v1/bkg1/bkg30x.root
Finish
1   0
6   /data/liul/workarea/XIXI/fit/boost/2012/xixipm/v1/mdiy/mdiy30x.root mdiy 2012  xixipm
/data/liul/workarea/XIXI/fit/boost/2012/xixipm/v1/mdiy/mdiy30x.root
Finish
1   0
7   /data/liul/workarea/XIXI/fit/boost/2012/xixipm/v1/phsp/phsp30x.root phsp 2012  xixipm
/data/liul/workarea/XIXI/fit/boost/2012/xixipm/v1/phsp/phsp30x.root
Finish
1   0
8   /data/liul/workarea/XIXI/fit/boost/2012/xixipm/v1/bkg1/bkg30x.root bkg1 2012  xixipm
/data/liul/workarea/XIXI/fit/boost/2012/xixipm/v1/bkg1/bkg30x.root
Finish
1   1
9   /data/liul/workarea/XIXI/fit/boost/2012/xixipp/v1/mdiy/mdiy30x.root mdiy 2012  xixipp
/data/liul/workarea/XIXI/fit/boost/2012/xixipp/v1/mdiy/mdiy30x.root
Finish
1   1
10   /data/liul/workarea/XIXI/fit/boost/2012/xixipp/v1/phsp/phsp30x.root phsp 2012  xixipp
/data/liul/workarea/XIXI/fit/boost/2012/xixipp/v1/phsp/phsp30x.root
Finish
1   1
11   /data/liul/workarea/XIXI/fit/boost/2012/xixipp/v1/bkg1/bkg30x.root bkg1 2012  xixipp
/data/liul/workarea/XIXI/fit/boost/2012/xixipp/v1/bkg1/bkg30x.root
Finish
N[0][0] : 3757
N[0][1] : 121755
N[0][2] : 26624
N[0][3] : 3652
N[0][4] : 116238
N[0][5] : 20877
N[1][0] : 20460
N[1][1] : 654635
N[1][2] : 143517
N[1][3] : 19262
N[1][4] : 620876
N[1][5] : 112184
out.txt
OK 11111111113
OK
OK 11111111111
OK 11111111111
 **********
 **    1 **SET PRINT           0
 **********
 **********
 **    2 **SET ERR         0.5
 **********
 PARAMETER DEFINITIONS:
    NO.   NAME         VALUE      STEP SIZE      LIMITS
     1 alpha_jpsi   5.86000e-01  1.00000e-03   -1.00000e+00  1.00000e+00
     2 dphi_jpsi    1.12100e+00  1.00000e-03   -3.14159e+00  3.14159e+00
OK 11111111111
     3 xi_alpha    -3.75600e-01  1.00000e-03   -1.00000e+00  0.00000e+00
     4 xi_phi       1.20000e-02  1.00000e-03   -3.14159e+00  3.14159e+00
     5 xib_alpha    3.75600e-01  1.00000e-03    0.00000e+00  1.00000e+00
     6 xib_phi     -1.20000e-02  1.00000e-03   -3.14159e+00  3.14159e+00
     7 L1_alpha     6.92000e-01  1.00000e-03    0.00000e+00  1.00000e+00
     8 L2_alpha    -7.51000e-01  1.00000e-03   -1.00000e+00  0.00000e+00
     9 L3_alpha     7.51000e-01  1.00000e-03    1.00000e+00  0.00000e+00
 MINUIT WARNING IN PARAM DEF
 ============== PARAMETER LIMITS WERE REVERSED.
 PARAMETER DEFINITIONS:
    NO.   NAME         VALUE      STEP SIZE      LIMITS
    10 L4_alpha    -6.92000e-01  1.00000e-03   -1.00000e+00  0.00000e+00
OK 11111111113
OK 11111111114
 **********
 **    3 **MINI
 **********
Loglike: -3161.6
0.586 1.121 -0.3756 0.012 0.3756 -0.012 0.692 -0.751 0.751 -0.692 
Loglike: -3168.93
0.57278 1.24595 -0.378554 0.0559731 0.368114 -0.000484208 0.663105 -0.759196 0.737893 -0.695363 
 MIGRAD MINIMIZATION HAS CONVERGED.
 MIGRAD WILL VERIFY CONVERGENCE AND ERROR MATRIX.
Loglike: -3168.94
0.572562 1.2488 -0.379034 0.0535022 0.368259 -0.00206895 0.663545 -0.759398 0.737333 -0.695946 
 FCN=-3168.94 FROM MIGRAD    STATUS=CONVERGED     261 CALLS         262 TOTAL
                     EDM=2.45608e-06    STRATEGY= 1      ERROR MATRIX ACCURATE 
  EXT PARAMETER                                   STEP         FIRST   
  NO.   NAME      VALUE            ERROR          SIZE      DERIVATIVE 
   1  alpha_jpsi   5.72562e-01   1.57700e-02   6.91055e-04  -2.86042e-02
   2  dphi_jpsi    1.24880e+00   5.68857e-02   7.01361e-04   5.91086e-03
   3  xi_alpha    -3.78965e-01   9.38125e-03   7.14660e-04  -2.33850e-02
   4  xi_phi       5.35022e-02   2.68999e-02   3.32497e-04  -3.83771e-02
   5  xib_alpha    3.68259e-01   9.34914e-03   7.11881e-04  -8.77394e-03
   6  xib_phi     -2.06895e-03   2.61562e-02   3.23064e-04  -7.15261e-02
   7  L1_alpha     6.63545e-01   1.83137e-02   1.33849e-03  -1.72627e-02
   8  L2_alpha    -7.59398e-01   1.89811e-02   1.50978e-03  -5.97214e-03
   9  L3_alpha     7.37333e-01   1.85590e-02   1.45300e-03   1.18511e-02
  10  L4_alpha    -6.95946e-01   1.87424e-02   1.41846e-03  -1.99099e-02
                               ERR DEF= 0.5
OK 11111111115
 **********
 **    4 **MINOS
 **********
Loglike: -3168.45
0.556792 1.22842 -0.378795 0.0531856 0.368026 -0.00130541 0.665026 -0.760725 0.739053 -0.697907 
Loglike: -3168.44
0.578056 1.30744 -0.379254 0.0548822 0.368529 -0.00217216 0.662314 -0.757201 0.734891 -0.694178 
Loglike: -3168.44
0.572278 1.24707 -0.369583 0.0534508 0.368509 -0.00298467 0.667519 -0.758788 0.741428 -0.695127 
Loglike: -3168.44
0.572751 1.24963 -0.379018 0.0804022 0.368362 -0.00107665 0.663338 -0.758991 0.738221 -0.695729 
Loglike: -3168.44
0.572734 1.2471 -0.379212 0.053229 0.35891 -0.00211422 0.661868 -0.764613 0.736955 -0.699281 
Loglike: -3168.44
0.571286 1.24494 -0.377273 0.0533449 0.369098 -0.00231392 0.681859 -0.75197 0.738446 -0.695673 
Loglike: -3168.44
0.573664 1.25538 -0.37861 0.0540416 0.370782 -0.000470772 0.670617 -0.740417 0.737267 -0.694778 
Loglike: -3168.44
0.574024 1.25648 -0.38104 0.0529948 0.368089 -0.00209028 0.662445 -0.759951 0.718774 -0.702874 
 FCN=-3168.94 FROM MINOS     STATUS=SUCCESSFUL    836 CALLS        1098 TOTAL
                     EDM=2.45608e-06    STRATEGY= 1      ERROR MATRIX ACCURATE 
  EXT PARAMETER                  PARABOLIC         MINOS ERRORS        
  NO.   NAME      VALUE            ERROR      NEGATIVE      POSITIVE   
   1  alpha_jpsi   5.72562e-01   1.57700e-02  -1.58243e-02   1.57196e-02
   2  dphi_jpsi    1.24880e+00   5.68857e-02  -5.52023e-02   5.86908e-02
   3  xi_alpha    -3.78965e-01   9.38125e-03  -9.38581e-03   9.37861e-03
   4  xi_phi       5.35022e-02   2.68999e-02  -2.68957e-02   2.69093e-02
   5  xib_alpha    3.68259e-01   9.34914e-03  -9.33415e-03   9.36448e-03
   6  xib_phi     -2.06895e-03   2.61562e-02  -2.61370e-02   2.61802e-02
   7  L1_alpha     6.63545e-01   1.83137e-02  -1.82574e-02   1.83782e-02
   8  L2_alpha    -7.59398e-01   1.89811e-02  -1.90269e-02   1.89477e-02
   9  L3_alpha     7.37333e-01   1.85590e-02  -1.85256e-02   1.86067e-02
  10  L4_alpha    -6.95946e-01   1.87424e-02  -1.87704e-02   1.87276e-02
                               ERR DEF= 0.5
OK 11111111115
 EXTERNAL ERROR MATRIX.    NDIM=  25    NPAR= 10    ERR DEF=0.5
  2.487e-04  3.210e-04 -2.670e-06  4.994e-06  3.670e-06 -1.204e-05 -2.337e-05  2.093e-05 -2.716e-05  3.095e-05 
  3.210e-04  3.236e-03 -1.627e-05  2.041e-05  1.530e-05 -5.376e-06 -7.074e-05  1.295e-04 -1.426e-04  1.012e-04 
 -2.670e-06 -1.627e-05  8.802e-05 -4.831e-07  2.346e-06  9.244e-07  3.734e-05  5.729e-06  3.851e-05  7.681e-06 
  4.994e-06  2.041e-05 -4.831e-07  7.236e-04  2.669e-06  2.595e-05 -2.883e-06  1.002e-05  9.420e-06  4.629e-06 
  3.670e-06  1.530e-05  2.346e-06  2.669e-06  8.742e-05  6.476e-07  1.537e-05  4.917e-05  3.156e-06  3.181e-05 
 -1.204e-05 -5.376e-06  9.244e-07  2.595e-05  6.476e-07  6.842e-04 -4.487e-06  1.067e-05  3.959e-07 -9.980e-06 
 -2.337e-05 -7.074e-05  3.734e-05 -2.883e-06  1.537e-05 -4.487e-06  3.356e-04  1.354e-04  2.040e-05  5.017e-06 
  2.093e-05  1.295e-04  5.729e-06  1.002e-05  4.917e-05  1.067e-05  1.354e-04  3.605e-04 -1.730e-06  2.242e-05 
 -2.716e-05 -1.426e-04  3.851e-05  9.420e-06  3.156e-06  3.959e-07  2.040e-05 -1.730e-06  3.446e-04  1.290e-04 
  3.095e-05  1.012e-04  7.681e-06  4.629e-06  3.181e-05 -9.980e-06  5.017e-06  2.242e-05  1.290e-04  3.515e-04 
 PARAMETER  CORRELATION COEFFICIENTS  
       NO.  GLOBAL      1      2      3      4      5      6      7      8      9     10
        1  0.38214   1.000  0.358 -0.018  0.012  0.025 -0.029 -0.081  0.070 -0.093  0.105
        2  0.40514   0.358  1.000 -0.030  0.013  0.029 -0.004 -0.068  0.120 -0.135  0.095
        3  0.31044  -0.018 -0.030  1.000 -0.002  0.027  0.004  0.217  0.032  0.221  0.044
        4  0.05068   0.012  0.013 -0.002  1.000  0.011  0.037 -0.006  0.020  0.019  0.009
        5  0.32802   0.025  0.029  0.027  0.011  1.000  0.003  0.090  0.277  0.018  0.181
        6  0.06120  -0.029 -0.004  0.004  0.037  0.003  1.000 -0.009  0.021  0.001 -0.020
        7  0.45961  -0.081 -0.068  0.217 -0.006  0.090 -0.009  1.000  0.389  0.060  0.015
        8  0.48558   0.070  0.120  0.032  0.020  0.277  0.021  0.389  1.000 -0.005  0.063
        9  0.46373  -0.093 -0.135  0.221  0.019  0.018  0.001  0.060 -0.005  1.000  0.371
       10  0.44543   0.105  0.095  0.044  0.009  0.181 -0.020  0.015  0.063  0.371  1.000
OK 11111111115
0   0
0   /data/liul/workarea/XIXI/fit/boost/2009/xixipm/v1/mdiy/mdiy30x.root mdiy 2009  xixipm
/data/liul/workarea/XIXI/fit/boost/2009/xixipm/v1/mdiy/mdiy30x.root
Finish
0   0
1   /data/liul/workarea/XIXI/fit/boost/2009/xixipm/v1/phsp/phsp30x.root phsp 2009  xixipm
/data/liul/workarea/XIXI/fit/boost/2009/xixipm/v1/phsp/phsp30x.root
Finish
0   0
2   /data/liul/workarea/XIXI/fit/boost/2009/xixipm/v1/bkg1/bkg30x.root bkg1 2009  xixipm
/data/liul/workarea/XIXI/fit/boost/2009/xixipm/v1/bkg1/bkg30x.root
Finish
0   1
3   /data/liul/workarea/XIXI/fit/boost/2009/xixipp/v1/mdiy/mdiy30x.root mdiy 2009  xixipp
/data/liul/workarea/XIXI/fit/boost/2009/xixipp/v1/mdiy/mdiy30x.root
Finish
0   1
4   /data/liul/workarea/XIXI/fit/boost/2009/xixipp/v1/phsp/phsp30x.root phsp 2009  xixipp
/data/liul/workarea/XIXI/fit/boost/2009/xixipp/v1/phsp/phsp30x.root
Finish
0   1
5   /data/liul/workarea/XIXI/fit/boost/2009/xixipp/v1/bkg1/bkg30x.root bkg1 2009  xixipp
/data/liul/workarea/XIXI/fit/boost/2009/xixipp/v1/bkg1/bkg30x.root
Finish
1   0
6   /data/liul/workarea/XIXI/fit/boost/2012/xixipm/v1/mdiy/mdiy30x.root mdiy 2012  xixipm
/data/liul/workarea/XIXI/fit/boost/2012/xixipm/v1/mdiy/mdiy30x.root
Finish
1   0
7   /data/liul/workarea/XIXI/fit/boost/2012/xixipm/v1/phsp/phsp30x.root phsp 2012  xixipm
/data/liul/workarea/XIXI/fit/boost/2012/xixipm/v1/phsp/phsp30x.root
Finish
1   0
8   /data/liul/workarea/XIXI/fit/boost/2012/xixipm/v1/bkg1/bkg30x.root bkg1 2012  xixipm
/data/liul/workarea/XIXI/fit/boost/2012/xixipm/v1/bkg1/bkg30x.root
Finish
1   1
9   /data/liul/workarea/XIXI/fit/boost/2012/xixipp/v1/mdiy/mdiy30x.root mdiy 2012  xixipp
/data/liul/workarea/XIXI/fit/boost/2012/xixipp/v1/mdiy/mdiy30x.root
Finish
1   1
10   /data/liul/workarea/XIXI/fit/boost/2012/xixipp/v1/phsp/phsp30x.root phsp 2012  xixipp
/data/liul/workarea/XIXI/fit/boost/2012/xixipp/v1/phsp/phsp30x.root
Finish
1   1
11   /data/liul/workarea/XIXI/fit/boost/2012/xixipp/v1/bkg1/bkg30x.root bkg1 2012  xixipp
/data/liul/workarea/XIXI/fit/boost/2012/xixipp/v1/bkg1/bkg30x.root
Finish
N[0][0] : 3840
N[0][1] : 121755
N[0][2] : 26624
N[0][3] : 3604
N[0][4] : 116238
N[0][5] : 20877
N[1][0] : 20657
N[1][1] : 654635
N[1][2] : 143517
N[1][3] : 19290
N[1][4] : 620876
N[1][5] : 112184
out.txt
OK 11111111113
OK
OK 11111111111
OK 11111111111
 **********
 **    1 **SET PRINT           0
 **********
 **********
 **    2 **SET ERR         0.5
 **********
 PARAMETER DEFINITIONS:
    NO.   NAME         VALUE      STEP SIZE      LIMITS
     1 alpha_jpsi   5.86000e-01  1.00000e-03   -1.00000e+00  1.00000e+00
     2 dphi_jpsi    1.12100e+00  1.00000e-03   -3.14159e+00  3.14159e+00
OK 11111111111
     3 xi_alpha    -3.75600e-01  1.00000e-03   -1.00000e+00  0.00000e+00
     4 xi_phi       1.20000e-02  1.00000e-03   -3.14159e+00  3.14159e+00
     5 xib_alpha    3.75600e-01  1.00000e-03    0.00000e+00  1.00000e+00
     6 xib_phi     -1.20000e-02  1.00000e-03   -3.14159e+00  3.14159e+00
     7 L1_alpha     6.92000e-01  1.00000e-03    0.00000e+00  1.00000e+00
     8 L2_alpha    -7.51000e-01  1.00000e-03   -1.00000e+00  0.00000e+00
     9 L3_alpha     7.51000e-01  1.00000e-03    1.00000e+00  0.00000e+00
 MINUIT WARNING IN PARAM DEF
 ============== PARAMETER LIMITS WERE REVERSED.
 PARAMETER DEFINITIONS:
    NO.   NAME         VALUE      STEP SIZE      LIMITS
    10 L4_alpha    -6.92000e-01  1.00000e-03   -1.00000e+00  0.00000e+00
OK 11111111113
OK 11111111114
 **********
 **    3 **MINI
 **********
Loglike: 29843.7
0.585881 1.121 -0.3756 0.012 0.3756 -0.012 0.692 -0.751 0.751 -0.692 
Loglike: 29842.3
0.593846 1.13557 -0.370671 0.00296052 0.376342 -0.0227907 0.685999 -0.749132 0.729606 -0.694156 
 MIGRAD MINIMIZATION HAS CONVERGED.
 MIGRAD WILL VERIFY CONVERGENCE AND ERROR MATRIX.
Loglike: 29842.3
0.594164 1.13642 -0.370768 0.00336913 0.37647 -0.0222041 0.686001 -0.747341 0.729431 -0.69374 
 FCN=29842.3 FROM MIGRAD    STATUS=CONVERGED     275 CALLS         276 TOTAL
                     EDM=9.2101e-07    STRATEGY= 1      ERROR MATRIX ACCURATE 
  EXT PARAMETER                                   STEP         FIRST   
  NO.   NAME      VALUE            ERROR          SIZE      DERIVATIVE 
   1  alpha_jpsi   5.94164e-01   1.68282e-02   2.21058e-03  -1.89807e-02
   2  dphi_jpsi    1.13666e+00   5.81056e-02   2.06350e-03   3.55453e-02
   3  xi_alpha    -3.70768e-01   9.32605e-03   2.20896e-03  -9.82700e-03
   4  xi_phi       3.36913e-03   2.60809e-02   9.88317e-04   8.07596e-03
   5  xib_alpha    3.76470e-01   9.27377e-03   2.16871e-03   2.07238e-03
   6  xib_phi     -2.22041e-02   2.63156e-02   9.96262e-04   1.35142e-03
   7  L1_alpha     6.86001e-01   1.80640e-02   4.18922e-03  -1.15470e-02
   8  L2_alpha    -7.47341e-01   1.83286e-02   4.44272e-03  -8.26372e-03
   9  L3_alpha     7.29431e-01   1.88673e-02   4.52068e-03  -1.59556e-03
  10  L4_alpha    -6.93740e-01   1.88438e-02   4.36410e-03  -2.86540e-03
                               ERR DEF= 0.5
OK 11111111115
 **********
 **    4 **MINOS
 **********
Loglike: 29842.8
0.610992 1.16336 -0.370629 -0.000151759 0.376718 -0.0217173 0.684525 -0.745334 0.72789 -0.691398 
Loglike: 29842.8
0.601449 1.1973 -0.37074 0.00350887 0.376826 -0.0250849 0.684607 -0.744441 0.727068 -0.691794 
Loglike: 29842.8
0.586732 1.08089 -0.370776 0.00320896 0.376098 -0.0224435 0.687409 -0.750382 0.733962 -0.69567 
Loglike: 29842.8
0.593888 1.137 -0.370796 0.02945 0.376519 -0.0207377 0.685787 -0.747102 0.729372 -0.695832 
Loglike: 29842.8
0.593709 1.14042 -0.37073 0.00323128 0.367197 -0.0223138 0.685324 -0.751892 0.729196 -0.697278 
Loglike: 29842.8
0.593838 1.13611 -0.370571 0.00503 0.376476 -0.0485197 0.686533 -0.747524 0.729257 -0.693367 
Loglike: 29842.9
0.595991 1.14625 -0.370653 0.0037096 0.378781 -0.0249057 0.692353 -0.729013 0.729129 -0.692515 
Loglike: 29842.8
0.592767 1.12871 -0.36886 0.00329742 0.376542 -0.0220115 0.686938 -0.747659 0.748298 -0.684803 
Loglike: 29842.8
0.592089 1.13632 -0.370952 0.00348234 0.374648 -0.0218618 0.686024 -0.748576 0.722483 -0.712583 
 FCN=29842.3 FROM MINOS     STATUS=SUCCESSFUL    842 CALLS        1118 TOTAL
                     EDM=9.2101e-07    STRATEGY= 1      ERROR MATRIX ACCURATE 
  EXT PARAMETER                  PARABOLIC         MINOS ERRORS        
  NO.   NAME      VALUE            ERROR      NEGATIVE      POSITIVE   
   1  alpha_jpsi   5.94164e-01   1.68282e-02  -1.68748e-02   1.67974e-02
   2  dphi_jpsi    1.13666e+00   5.81056e-02  -5.58621e-02   6.07629e-02
   3  xi_alpha    -3.70768e-01   9.32605e-03  -9.33447e-03   9.32121e-03
   4  xi_phi       3.36913e-03   2.60809e-02  -2.60779e-02   2.60874e-02
   5  xib_alpha    3.76470e-01   9.27377e-03  -9.26290e-03   9.28378e-03
   6  xib_phi     -2.22041e-02   2.63156e-02  -2.63162e-02   2.63195e-02
   7  L1_alpha     6.86001e-01   1.80640e-02  -1.80170e-02   1.81154e-02
   8  L2_alpha    -7.47341e-01   1.83286e-02  -1.83794e-02   1.82914e-02
   9  L3_alpha     7.29431e-01   1.88673e-02  -1.88254e-02   1.89238e-02
  10  L4_alpha    -6.93740e-01   1.88438e-02  -1.88933e-02   1.88118e-02
                               ERR DEF= 0.5
OK 11111111115
 EXTERNAL ERROR MATRIX.    NDIM=  25    NPAR= 10    ERR DEF=0.5
  2.832e-04  4.372e-04  2.211e-06 -7.183e-06  4.214e-06  8.173e-06 -2.476e-05  3.353e-05 -2.622e-05  3.872e-05 
  4.372e-04  3.377e-03  8.925e-07  8.789e-06  2.147e-05  1.464e-05 -8.450e-05  1.759e-04 -1.461e-04  1.147e-04 
  2.211e-06  8.925e-07  8.699e-05 -7.199e-07 -3.518e-07 -5.205e-06  3.173e-05  2.109e-06  3.450e-05  4.246e-06 
 -7.183e-06  8.789e-06 -7.199e-07  6.802e-04  1.278e-06  3.825e-05 -5.599e-06  6.242e-06 -1.548e-06 -2.091e-06 
  4.214e-06  2.147e-05 -3.518e-07  1.278e-06  8.601e-05  1.017e-06  6.282e-06  4.233e-05  2.181e-06  3.287e-05 
  8.173e-06  1.464e-05 -5.205e-06  3.825e-05  1.017e-06  6.925e-04 -1.493e-05  7.986e-06  3.740e-06 -6.513e-06 
 -2.476e-05 -8.450e-05  3.173e-05 -5.599e-06  6.282e-06 -1.493e-05  3.265e-04  1.168e-04  1.696e-05 -8.660e-08 
  3.353e-05  1.759e-04  2.109e-06  6.242e-06  4.233e-05  7.986e-06  1.168e-04  3.361e-04 -5.540e-06  2.245e-05 
 -2.622e-05 -1.461e-04  3.450e-05 -1.548e-06  2.181e-06  3.740e-06  1.696e-05 -5.540e-06  3.562e-04  1.296e-04 
  3.872e-05  1.147e-04  4.246e-06 -2.091e-06  3.287e-05 -6.513e-06 -8.660e-08  2.245e-05  1.296e-04  3.553e-04 
 PARAMETER  CORRELATION COEFFICIENTS  
       NO.  GLOBAL      1      2      3      4      5      6      7      8      9     10
        1  0.46428   1.000  0.447  0.014 -0.016  0.027  0.018 -0.081  0.109 -0.083  0.122
        2  0.48947   0.447  1.000  0.002  0.006  0.040  0.010 -0.080  0.165 -0.133  0.105
        3  0.28345   0.014  0.002  1.000 -0.003 -0.004 -0.021  0.188  0.012  0.196  0.024
        4  0.06380  -0.016  0.006 -0.003  1.000  0.005  0.056 -0.012  0.013 -0.003 -0.004
        5  0.31296   0.027  0.040 -0.004  0.005  1.000  0.004  0.037  0.249  0.012  0.188
        6  0.07740   0.018  0.010 -0.021  0.056  0.004  1.000 -0.031  0.017  0.008 -0.013
        7  0.43163  -0.081 -0.080  0.188 -0.012  0.037 -0.031  1.000  0.353  0.050 -0.000
        8  0.46997   0.109  0.165  0.012  0.013  0.249  0.017  0.353  1.000 -0.016  0.065
        9  0.45185  -0.083 -0.133  0.196 -0.003  0.012  0.008  0.050 -0.016  1.000  0.364
       10  0.44692   0.122  0.105  0.024 -0.004  0.188 -0.013 -0.000  0.065  0.364  1.000
OK 11111111115
0   0
0   /data/liul/workarea/XIXI/fit/boost/2009/xixipm/v1/mdiy/mdiy30x.root mdiy 2009  xixipm
/data/liul/workarea/XIXI/fit/boost/2009/xixipm/v1/mdiy/mdiy30x.root
Finish
0   0
1   /data/liul/workarea/XIXI/fit/boost/2009/xixipm/v1/phsp/phsp30x.root phsp 2009  xixipm
/data/liul/workarea/XIXI/fit/boost/2009/xixipm/v1/phsp/phsp30x.root
Finish
0   0
2   /data/liul/workarea/XIXI/fit/boost/2009/xixipm/v1/bkg1/bkg30x.root bkg1 2009  xixipm
/data/liul/workarea/XIXI/fit/boost/2009/xixipm/v1/bkg1/bkg30x.root
Finish
0   1
3   /data/liul/workarea/XIXI/fit/boost/2009/xixipp/v1/mdiy/mdiy30x.root mdiy 2009  xixipp
/data/liul/workarea/XIXI/fit/boost/2009/xixipp/v1/mdiy/mdiy30x.root
Finish
0   1
4   /data/liul/workarea/XIXI/fit/boost/2009/xixipp/v1/phsp/phsp30x.root phsp 2009  xixipp
/data/liul/workarea/XIXI/fit/boost/2009/xixipp/v1/phsp/phsp30x.root
Finish
0   1
5   /data/liul/workarea/XIXI/fit/boost/2009/xixipp/v1/bkg1/bkg30x.root bkg1 2009  xixipp
/data/liul/workarea/XIXI/fit/boost/2009/xixipp/v1/bkg1/bkg30x.root
Finish
1   0
6   /data/liul/workarea/XIXI/fit/boost/2012/xixipm/v1/mdiy/mdiy30x.root mdiy 2012  xixipm
/data/liul/workarea/XIXI/fit/boost/2012/xixipm/v1/mdiy/mdiy30x.root
Finish
1   0
7   /data/liul/workarea/XIXI/fit/boost/2012/xixipm/v1/phsp/phsp30x.root phsp 2012  xixipm
/data/liul/workarea/XIXI/fit/boost/2012/xixipm/v1/phsp/phsp30x.root
Finish
1   0
8   /data/liul/workarea/XIXI/fit/boost/2012/xixipm/v1/bkg1/bkg30x.root bkg1 2012  xixipm
/data/liul/workarea/XIXI/fit/boost/2012/xixipm/v1/bkg1/bkg30x.root
Finish
1   1
9   /data/liul/workarea/XIXI/fit/boost/2012/xixipp/v1/mdiy/mdiy30x.root mdiy 2012  xixipp
/data/liul/workarea/XIXI/fit/boost/2012/xixipp/v1/mdiy/mdiy30x.root
Finish
1   1
10   /data/liul/workarea/XIXI/fit/boost/2012/xixipp/v1/phsp/phsp30x.root phsp 2012  xixipp
/data/liul/workarea/XIXI/fit/boost/2012/xixipp/v1/phsp/phsp30x.root
Finish
1   1
11   /data/liul/workarea/XIXI/fit/boost/2012/xixipp/v1/bkg1/bkg30x.root bkg1 2012  xixipp
/data/liul/workarea/XIXI/fit/boost/2012/xixipp/v1/bkg1/bkg30x.root
Finish
N[0][0] : 3744
N[0][1] : 121755
N[0][2] : 26624
N[0][3] : 3583
N[0][4] : 116238
N[0][5] : 20877
N[1][0] : 20455
N[1][1] : 654635
N[1][2] : 143517
N[1][3] : 19343
N[1][4] : 620876
N[1][5] : 112184
out.txt
OK 11111111113
OK
OK 11111111111
OK 11111111111
 **********
 **    1 **SET PRINT           0
 **********
 **********
 **    2 **SET ERR         0.5
 **********
 PARAMETER DEFINITIONS:
    NO.   NAME         VALUE      STEP SIZE      LIMITS
     1 alpha_jpsi   5.86000e-01  1.00000e-03   -1.00000e+00  1.00000e+00
     2 dphi_jpsi    1.12100e+00  1.00000e-03   -3.14159e+00  3.14159e+00
OK 11111111111
     3 xi_alpha    -3.75600e-01  1.00000e-03   -1.00000e+00  0.00000e+00
     4 xi_phi       1.20000e-02  1.00000e-03   -3.14159e+00  3.14159e+00
     5 xib_alpha    3.75600e-01  1.00000e-03    0.00000e+00  1.00000e+00
     6 xib_phi     -1.20000e-02  1.00000e-03   -3.14159e+00  3.14159e+00
     7 L1_alpha     6.92000e-01  1.00000e-03    0.00000e+00  1.00000e+00
     8 L2_alpha    -7.51000e-01  1.00000e-03   -1.00000e+00  0.00000e+00
     9 L3_alpha     7.51000e-01  1.00000e-03    1.00000e+00  0.00000e+00
 MINUIT WARNING IN PARAM DEF
 ============== PARAMETER LIMITS WERE REVERSED.
 PARAMETER DEFINITIONS:
    NO.   NAME         VALUE      STEP SIZE      LIMITS
    10 L4_alpha    -6.92000e-01  1.00000e-03   -1.00000e+00  0.00000e+00
OK 11111111113
OK 11111111114
 **********
 **    3 **MINI
 **********
Loglike: 48619
0.586706 1.2084 -0.370491 -0.0288308 0.394242 -0.0759424 0.677226 -0.741771 0.735454 -0.685765 
 MIGRAD MINIMIZATION HAS CONVERGED.
 MIGRAD WILL VERIFY CONVERGENCE AND ERROR MATRIX.
Loglike: 48619
0.587674 1.219 -0.370333 -0.0277893 0.394531 -0.0745399 0.67432 -0.740761 0.734813 -0.685351 
 FCN=48619 FROM MIGRAD    STATUS=CONVERGED     275 CALLS         276 TOTAL
                     EDM=2.53648e-06    STRATEGY= 1      ERROR MATRIX ACCURATE 
  EXT PARAMETER                                   STEP         FIRST   
  NO.   NAME      VALUE            ERROR          SIZE      DERIVATIVE 
   1  alpha_jpsi   5.87674e-01   1.61296e-02   2.76653e-03   3.04402e-03
   2  dphi_jpsi    1.21900e+00   5.78918e-02   2.73933e-03   3.71434e-02
   3  xi_alpha    -3.70333e-01   9.38818e-03   2.82337e-03   2.79780e-02
   4  xi_phi      -2.77893e-02   2.64218e-02   1.27912e-03   4.50881e-03
   5  xib_alpha    3.94531e-01   9.33697e-03   2.75417e-03   3.35118e-02
   6  xib_phi     -7.45399e-02   2.70072e-02   1.30777e-03  -8.88966e-03
   7  L1_alpha     6.76837e-01   1.83557e-02   5.37733e-03   1.81252e-03
   8  L2_alpha    -7.40761e-01   1.83566e-02   5.65543e-03   1.78964e-02
   9  L3_alpha     7.34813e-01   1.85082e-02   5.73627e-03   1.50710e-02
  10  L4_alpha    -6.85351e-01   1.82856e-02   5.43271e-03  -9.89778e-03
                               ERR DEF= 0.5
OK 11111111115
 **********
 **    4 **MINOS
 **********
Loglike: 48619.5
0.603803 1.24165 -0.370526 -0.0277498 0.394318 -0.0746637 0.674902 -0.738951 0.733257 -0.683749 
Loglike: 48619.5
0.571456 1.19621 -0.370149 -0.027826 0.394189 -0.0703067 0.678732 -0.742621 0.736354 -0.68697 
Loglike: 48619.5
0.581336 1.16111 -0.370157 -0.0272803 0.394222 -0.0741462 0.678604 -0.745664 0.737183 -0.687011 
Loglike: 48619.5
0.587332 1.21786 -0.360945 -0.0278804 0.394565 -0.0739607 0.680277 -0.740632 0.73897 -0.682099 
Loglike: 48619.5
0.589875 1.22017 -0.370346 -0.0542111 0.394402 -0.0756028 0.676899 -0.740716 0.734735 -0.685217 
Loglike: 48619.5
0.5876 1.22606 -0.370132 -0.0267619 0.394517 -0.0475327 0.677167 -0.74062 0.735038 -0.685383 
Loglike: 48619.5
0.585967 1.21326 -0.368476 -0.0320568 0.394925 -0.0740395 0.695193 -0.73422 0.735916 -0.685277 
Loglike: 48619.5
0.586085 1.21126 -0.370392 -0.0277409 0.392199 -0.0788794 0.670323 -0.759118 0.735068 -0.68652 
Loglike: 48619.5
0.588994 1.22618 -0.372407 -0.0277406 0.394399 -0.0748708 0.675795 -0.740552 0.716305 -0.688965 
 FCN=48619 FROM MINOS     STATUS=SUCCESSFUL    886 CALLS        1162 TOTAL
                     EDM=2.53648e-06    STRATEGY= 1      ERROR MATRIX ACCURATE 
  EXT PARAMETER                  PARABOLIC         MINOS ERRORS        
  NO.   NAME      VALUE            ERROR      NEGATIVE      POSITIVE   
   1  alpha_jpsi   5.87674e-01   1.61296e-02  -1.62176e-02   1.60706e-02
   2  dphi_jpsi    1.21900e+00   5.78918e-02  -5.60493e-02   6.00440e-02
   3  xi_alpha    -3.70333e-01   9.38818e-03  -9.40667e-03   9.37382e-03
   4  xi_phi      -2.77893e-02   2.64218e-02  -2.64199e-02   2.64286e-02
   5  xib_alpha    3.94531e-01   9.33697e-03  -9.33454e-03   9.33825e-03
   6  xib_phi     -7.45399e-02   2.70072e-02  -2.70142e-02   2.70059e-02
   7  L1_alpha     6.76837e-01   1.83557e-02  -1.83289e-02   1.83856e-02
   8  L2_alpha    -7.40761e-01   1.83566e-02  -1.84294e-02   1.82971e-02
   9  L3_alpha     7.34813e-01   1.85082e-02  -1.84875e-02   1.85452e-02
  10  L4_alpha    -6.85351e-01   1.82856e-02  -1.83290e-02   1.82599e-02
                               ERR DEF= 0.5
OK 11111111115
 EXTERNAL ERROR MATRIX.    NDIM=  25    NPAR= 10    ERR DEF=0.5
  2.602e-04  3.659e-04 -3.102e-06  6.371e-07  5.238e-06 -1.997e-06 -3.119e-05  2.916e-05 -2.507e-05  2.584e-05 
  3.659e-04  3.352e-03 -1.023e-05 -2.947e-05  1.789e-05 -2.279e-05 -1.024e-04  1.421e-04 -1.374e-04  9.615e-05 
 -3.102e-06 -1.023e-05  8.815e-05 -1.038e-06  3.438e-07  5.432e-06  3.288e-05  1.075e-06  3.952e-05  6.482e-06 
  6.371e-07 -2.947e-05 -1.038e-06  6.981e-04  3.240e-06  2.775e-05 -5.468e-06 -8.885e-07 -1.457e-06 -2.457e-06 
  5.238e-06  1.789e-05  3.438e-07  3.240e-06  8.719e-05 -3.818e-07  7.992e-06  4.285e-05  1.398e-06  3.466e-05 
 -1.997e-06 -2.279e-05  5.432e-06  2.775e-05 -3.818e-07  7.294e-04  8.917e-06  3.823e-06  6.075e-06 -8.649e-07 
 -3.119e-05 -1.024e-04  3.288e-05 -5.468e-06  7.992e-06  8.917e-06  3.371e-04  1.193e-04  1.970e-05  1.612e-06 
  2.916e-05  1.421e-04  1.075e-06 -8.885e-07  4.285e-05  3.823e-06  1.193e-04  3.372e-04 -4.697e-06  2.146e-05 
 -2.507e-05 -1.374e-04  3.952e-05 -1.457e-06  1.398e-06  6.075e-06  1.970e-05 -4.697e-06  3.428e-04  1.156e-04 
  2.584e-05  9.615e-05  6.482e-06 -2.457e-06  3.466e-05 -8.649e-07  1.612e-06  2.146e-05  1.156e-04  3.345e-04 
 PARAMETER  CORRELATION COEFFICIENTS  
       NO.  GLOBAL      1      2      3      4      5      6      7      8      9     10
        1  0.41159   1.000  0.392 -0.020  0.001  0.035 -0.005 -0.105  0.098 -0.084  0.088
        2  0.43610   0.392  1.000 -0.019 -0.019  0.033 -0.015 -0.096  0.134 -0.128  0.091
        3  0.30071  -0.020 -0.019  1.000 -0.004  0.004  0.021  0.191  0.006  0.227  0.038
        4  0.04891   0.001 -0.019 -0.004  1.000  0.013  0.039 -0.011 -0.002 -0.003 -0.005
        5  0.32182   0.035  0.033  0.004  0.013  1.000 -0.002  0.047  0.250  0.008  0.203
        6  0.04922  -0.005 -0.015  0.021  0.039 -0.002  1.000  0.018  0.008  0.012 -0.002
        7  0.43675  -0.105 -0.096  0.191 -0.011  0.047  0.018  1.000  0.354  0.058  0.005
        8  0.46282   0.098  0.134  0.006 -0.002  0.250  0.008  0.354  1.000 -0.014  0.064
        9  0.43938  -0.084 -0.128  0.227 -0.003  0.008  0.012  0.058 -0.014  1.000  0.341
       10  0.42349   0.088  0.091  0.038 -0.005  0.203 -0.002  0.005  0.064  0.341  1.000
OK 11111111115
0   0
0   /data/liul/workarea/XIXI/fit/boost/2009/xixipm/v1/mdiy/mdiy30x.root mdiy 2009  xixipm
/data/liul/workarea/XIXI/fit/boost/2009/xixipm/v1/mdiy/mdiy30x.root
Finish
0   0
1   /data/liul/workarea/XIXI/fit/boost/2009/xixipm/v1/phsp/phsp30x.root phsp 2009  xixipm
/data/liul/workarea/XIXI/fit/boost/2009/xixipm/v1/phsp/phsp30x.root
Finish
0   0
2   /data/liul/workarea/XIXI/fit/boost/2009/xixipm/v1/bkg1/bkg30x.root bkg1 2009  xixipm
/data/liul/workarea/XIXI/fit/boost/2009/xixipm/v1/bkg1/bkg30x.root
Finish
0   1
3   /data/liul/workarea/XIXI/fit/boost/2009/xixipp/v1/mdiy/mdiy30x.root mdiy 2009  xixipp
/data/liul/workarea/XIXI/fit/boost/2009/xixipp/v1/mdiy/mdiy30x.root
Finish
0   1
4   /data/liul/workarea/XIXI/fit/boost/2009/xixipp/v1/phsp/phsp30x.root phsp 2009  xixipp
/data/liul/workarea/XIXI/fit/boost/2009/xixipp/v1/phsp/phsp30x.root
Finish
0   1
5   /data/liul/workarea/XIXI/fit/boost/2009/xixipp/v1/bkg1/bkg30x.root bkg1 2009  xixipp
/data/liul/workarea/XIXI/fit/boost/2009/xixipp/v1/bkg1/bkg30x.root
Finish
1   0
6   /data/liul/workarea/XIXI/fit/boost/2012/xixipm/v1/mdiy/mdiy30x.root mdiy 2012  xixipm
/data/liul/workarea/XIXI/fit/boost/2012/xixipm/v1/mdiy/mdiy30x.root
Finish
1   0
7   /data/liul/workarea/XIXI/fit/boost/2012/xixipm/v1/phsp/phsp30x.root phsp 2012  xixipm
/data/liul/workarea/XIXI/fit/boost/2012/xixipm/v1/phsp/phsp30x.root
Finish
1   0
8   /data/liul/workarea/XIXI/fit/boost/2012/xixipm/v1/bkg1/bkg30x.root bkg1 2012  xixipm
/data/liul/workarea/XIXI/fit/boost/2012/xixipm/v1/bkg1/bkg30x.root
Finish
1   1
9   /data/liul/workarea/XIXI/fit/boost/2012/xixipp/v1/mdiy/mdiy30x.root mdiy 2012  xixipp
/data/liul/workarea/XIXI/fit/boost/2012/xixipp/v1/mdiy/mdiy30x.root
Finish
1   1
10   /data/liul/workarea/XIXI/fit/boost/2012/xixipp/v1/phsp/phsp30x.root phsp 2012  xixipp
/data/liul/workarea/XIXI/fit/boost/2012/xixipp/v1/phsp/phsp30x.root
Finish
1   1
11   /data/liul/workarea/XIXI/fit/boost/2012/xixipp/v1/bkg1/bkg30x.root bkg1 2012  xixipp
/data/liul/workarea/XIXI/fit/boost/2012/xixipp/v1/bkg1/bkg30x.root
Finish
N[0][0] : 3822
N[0][1] : 121755
N[0][2] : 26624
N[0][3] : 3500
N[0][4] : 116238
N[0][5] : 20877
N[1][0] : 20388
N[1][1] : 654635
N[1][2] : 143517
N[1][3] : 19052
N[1][4] : 620876
N[1][5] : 112184
out.txt
OK 11111111113
OK
OK 11111111111
OK 11111111111
 **********
 **    1 **SET PRINT           0
 **********
 **********
 **    2 **SET ERR         0.5
 **********
 PARAMETER DEFINITIONS:
    NO.   NAME         VALUE      STEP SIZE      LIMITS
     1 alpha_jpsi   5.86000e-01  1.00000e-03   -1.00000e+00  1.00000e+00
     2 dphi_jpsi    1.12100e+00  1.00000e-03   -3.14159e+00  3.14159e+00
OK 11111111111
     3 xi_alpha    -3.75600e-01  1.00000e-03   -1.00000e+00  0.00000e+00
     4 xi_phi       1.20000e-02  1.00000e-03   -3.14159e+00  3.14159e+00
     5 xib_alpha    3.75600e-01  1.00000e-03    0.00000e+00  1.00000e+00
     6 xib_phi     -1.20000e-02  1.00000e-03   -3.14159e+00  3.14159e+00
     7 L1_alpha     6.92000e-01  1.00000e-03    0.00000e+00  1.00000e+00
     8 L2_alpha    -7.51000e-01  1.00000e-03   -1.00000e+00  0.00000e+00
     9 L3_alpha     7.51000e-01  1.00000e-03    1.00000e+00  0.00000e+00
 MINUIT WARNING IN PARAM DEF
 ============== PARAMETER LIMITS WERE REVERSED.
 PARAMETER DEFINITIONS:
    NO.   NAME         VALUE      STEP SIZE      LIMITS
    10 L4_alpha    -6.92000e-01  1.00000e-03   -1.00000e+00  0.00000e+00
OK 11111111113
OK 11111111114
 **********
 **    3 **MINI
 **********
Loglike: 61843.3
0.586 1.121 -0.3756 0.012 0.3756 -0.0121717 0.692 -0.751 0.751 -0.692 
Loglike: 61838.8
0.599481 1.13418 -0.36559 0.0565708 0.372291 0.00722597 0.674904 -0.733897 0.740767 -0.705386 
 MIGRAD MINIMIZATION HAS CONVERGED.
 MIGRAD WILL VERIFY CONVERGENCE AND ERROR MATRIX.
Loglike: 61838.8
0.599505 1.13429 -0.365691 0.0566232 0.372383 0.00728166 0.674638 -0.736901 0.740042 -0.705352 
 FCN=61838.8 FROM MIGRAD    STATUS=CONVERGED     273 CALLS         274 TOTAL
                     EDM=3.19792e-06    STRATEGY= 1      ERROR MATRIX ACCURATE 
  EXT PARAMETER                                   STEP         FIRST   
  NO.   NAME      VALUE            ERROR          SIZE      DERIVATIVE 
   1  alpha_jpsi   5.99505e-01   1.65769e-02   3.19156e-03  -1.71692e-02
   2  dphi_jpsi    1.13429e+00   5.48190e-02   2.85443e-03   8.01840e-02
   3  xi_alpha    -3.65691e-01   9.44407e-03   3.19721e-03  -1.31151e-02
   4  xi_phi       5.66232e-02   2.61801e-02   1.43038e-03   3.26983e-02
   5  xib_alpha    3.72383e-01   9.39671e-03   3.14924e-03   1.07996e-02
   6  xib_phi      7.28166e-03   2.64220e-02   1.44305e-03   1.59944e-02
   7  L1_alpha     6.74638e-01   1.87663e-02   6.12530e-03   8.30539e-03
   8  L2_alpha    -7.36901e-01   1.88444e-02   6.46242e-03   1.66709e-02
   9  L3_alpha     7.40612e-01   1.89991e-02   6.50148e-03   6.89762e-03
  10  L4_alpha    -7.05352e-01   1.90888e-02   6.35984e-03   3.34209e-03
                               ERR DEF= 0.5
OK 11111111115
 **********
 **    4 **MINOS
 **********
Loglike: 61839.3
0.582928 1.1112 -0.3653 0.0570667 0.372244 0.00336375 0.676964 -0.738392 0.742559 -0.706989 
Loglike: 61839.3
0.606516 1.19101 -0.365929 0.0565094 0.372556 0.00634766 0.67242 -0.73757 0.738279 -0.703645 
Loglike: 61839.3
0.598808 1.13283 -0.356246 0.0569871 0.372681 0.00729168 0.678376 -0.736238 0.745226 -0.704068 
Loglike: 61839.3
0.599786 1.13445 -0.365818 0.0304431 0.372335 0.00717686 0.674565 -0.737301 0.740405 -0.705273 
Loglike: 61839.3
0.601779 1.13306 -0.36599 0.0564802 0.362987 0.0073761 0.673269 -0.741942 0.739621 -0.70916 
Loglike: 61839.3
0.597447 1.11943 -0.363785 0.0567245 0.373033 0.00722319 0.693404 -0.729878 0.741921 -0.705129 
Loglike: 61839.3
0.600819 1.14051 -0.365325 0.0526697 0.374828 0.00732582 0.681516 -0.718056 0.740718 -0.70411 
Loglike: 61839.3
0.601205 1.14108 -0.367998 0.056339 0.371925 0.00230176 0.673343 -0.73699 0.721613 -0.712958 
Loglike: 61839.3
0.598055 1.12914 -0.366261 0.0567309 0.370405 0.00734011 0.674418 -0.741078 0.73295 -0.724441 
 FCN=61838.8 FROM MINOS     STATUS=SUCCESSFUL    851 CALLS        1125 TOTAL
                     EDM=3.19792e-06    STRATEGY= 1      ERROR MATRIX ACCURATE 
  EXT PARAMETER                  PARABOLIC         MINOS ERRORS        
  NO.   NAME      VALUE            ERROR      NEGATIVE      POSITIVE   
   1  alpha_jpsi   5.99505e-01   1.65769e-02  -1.66385e-02   1.65312e-02
   2  dphi_jpsi    1.13429e+00   5.48190e-02  -5.31143e-02   5.67930e-02
   3  xi_alpha    -3.65691e-01   9.44407e-03  -9.45370e-03   9.43828e-03
   4  xi_phi       5.66232e-02   2.61801e-02  -2.61918e-02   2.61737e-02
   5  xib_alpha    3.72383e-01   9.39671e-03  -9.39036e-03   9.40118e-03
   6  xib_phi      7.28166e-03   2.64220e-02  -2.64268e-02   2.64214e-02
   7  L1_alpha     6.74638e-01   1.87663e-02  -1.87268e-02   1.88063e-02
   8  L2_alpha    -7.36901e-01   1.88444e-02  -1.89246e-02   1.87748e-02
   9  L3_alpha     7.40612e-01   1.89991e-02  -1.89573e-02   1.90562e-02
  10  L4_alpha    -7.05352e-01   1.90888e-02  -1.91553e-02   1.90415e-02
                               ERR DEF= 0.5
OK 11111111115
 EXTERNAL ERROR MATRIX.    NDIM=  25    NPAR= 10    ERR DEF=0.5
  2.748e-04  3.822e-04 -6.478e-06 -7.353e-06  2.315e-06 -1.011e-05 -3.860e-05  2.475e-05 -3.233e-05  2.715e-05 
  3.822e-04  3.005e-03 -1.312e-05 -4.026e-06  9.997e-06 -5.003e-05 -1.211e-04  1.202e-04 -1.291e-04  9.264e-05 
 -6.478e-06 -1.312e-05  8.920e-05  3.326e-06  2.827e-06  1.129e-07  3.580e-05  6.083e-06  4.383e-05  1.175e-05 
 -7.353e-06 -4.026e-06  3.326e-06  6.854e-04  1.276e-06  2.744e-06  1.902e-06  1.048e-05  5.401e-06 -2.068e-06 
  2.315e-06  9.997e-06  2.827e-06  1.276e-06  8.831e-05 -6.826e-07  1.218e-05  4.755e-05  8.716e-06  3.613e-05 
 -1.011e-05 -5.003e-05  1.129e-07  2.744e-06 -6.826e-07  6.981e-04 -1.098e-06  1.277e-06  8.588e-06 -6.646e-07 
 -3.860e-05 -1.211e-04  3.580e-05  1.902e-06  1.218e-05 -1.098e-06  3.524e-04  1.313e-04  2.459e-05  4.197e-06 
  2.475e-05  1.202e-04  6.083e-06  1.048e-05  4.755e-05  1.277e-06  1.313e-04  3.553e-04  1.693e-06  2.407e-05 
 -3.233e-05 -1.291e-04  4.383e-05  5.401e-06  8.716e-06  8.588e-06  2.459e-05  1.693e-06  3.612e-04  1.451e-04 
  2.715e-05  9.264e-05  1.175e-05 -2.068e-06  3.613e-05 -6.646e-07  4.197e-06  2.407e-05  1.451e-04  3.646e-04 
 PARAMETER  CORRELATION COEFFICIENTS  
       NO.  GLOBAL      1      2      3      4      5      6      7      8      9     10
        1  0.44143   1.000  0.421 -0.041 -0.017  0.015 -0.023 -0.124  0.079 -0.103  0.086
        2  0.45920   0.421  1.000 -0.025 -0.003  0.019 -0.035 -0.118  0.116 -0.124  0.089
        3  0.31394  -0.041 -0.025  1.000  0.013  0.032  0.000  0.202  0.034  0.244  0.065
        4  0.03425  -0.017 -0.003  0.013  1.000  0.005  0.004  0.004  0.021  0.011 -0.004
        5  0.33139   0.015  0.019  0.032  0.005  1.000 -0.003  0.069  0.268  0.049  0.201
        6  0.04071  -0.023 -0.035  0.000  0.004 -0.003  1.000 -0.002  0.003  0.017 -0.001
        7  0.45546  -0.124 -0.118  0.202  0.004  0.069 -0.002  1.000  0.371  0.069  0.012
        8  0.47657   0.079  0.116  0.034  0.021  0.268  0.003  0.371  1.000  0.005  0.067
        9  0.48738  -0.103 -0.124  0.244  0.011  0.049  0.017  0.069  0.005  1.000  0.400
       10  0.46702   0.086  0.089  0.065 -0.004  0.201 -0.001  0.012  0.067  0.400  1.000
OK 11111111115
0   0
0   /data/liul/workarea/XIXI/fit/boost/2009/xixipm/v1/mdiy/mdiy30x.root mdiy 2009  xixipm
/data/liul/workarea/XIXI/fit/boost/2009/xixipm/v1/mdiy/mdiy30x.root
Finish
0   0
1   /data/liul/workarea/XIXI/fit/boost/2009/xixipm/v1/phsp/phsp30x.root phsp 2009  xixipm
/data/liul/workarea/XIXI/fit/boost/2009/xixipm/v1/phsp/phsp30x.root
Finish
0   0
2   /data/liul/workarea/XIXI/fit/boost/2009/xixipm/v1/bkg1/bkg30x.root bkg1 2009  xixipm
/data/liul/workarea/XIXI/fit/boost/2009/xixipm/v1/bkg1/bkg30x.root
Finish
0   1
3   /data/liul/workarea/XIXI/fit/boost/2009/xixipp/v1/mdiy/mdiy30x.root mdiy 2009  xixipp
/data/liul/workarea/XIXI/fit/boost/2009/xixipp/v1/mdiy/mdiy30x.root
Finish
0   1
4   /data/liul/workarea/XIXI/fit/boost/2009/xixipp/v1/phsp/phsp30x.root phsp 2009  xixipp
/data/liul/workarea/XIXI/fit/boost/2009/xixipp/v1/phsp/phsp30x.root
Finish
0   1
5   /data/liul/workarea/XIXI/fit/boost/2009/xixipp/v1/bkg1/bkg30x.root bkg1 2009  xixipp
/data/liul/workarea/XIXI/fit/boost/2009/xixipp/v1/bkg1/bkg30x.root
Finish
1   0
6   /data/liul/workarea/XIXI/fit/boost/2012/xixipm/v1/mdiy/mdiy30x.root mdiy 2012  xixipm
/data/liul/workarea/XIXI/fit/boost/2012/xixipm/v1/mdiy/mdiy30x.root
Finish
1   0
7   /data/liul/workarea/XIXI/fit/boost/2012/xixipm/v1/phsp/phsp30x.root phsp 2012  xixipm
/data/liul/workarea/XIXI/fit/boost/2012/xixipm/v1/phsp/phsp30x.root
Finish
1   0
8   /data/liul/workarea/XIXI/fit/boost/2012/xixipm/v1/bkg1/bkg30x.root bkg1 2012  xixipm
/data/liul/workarea/XIXI/fit/boost/2012/xixipm/v1/bkg1/bkg30x.root
Finish
1   1
